1048576	1	0.450965
1048576	1	0.432646
1048576	1	0.413721
1048576	1	0.338329
1048576	1	0.382173
1048576	1	0.381666
1048576	1	0.370583
1048576	1	0.366521
1048576	1	0.333381
1048576	1	0.356119
1048576	1	0.355424
1048576	1	0.364761
1048576	1	0.390014
1048576	1	0.371035
1048576	1	0.371324
1048576	1	0.36391
1048576	1	0.354575
1048576	1	0.369141
1048576	1	0.335808
1048576	1	0.347311
1048576	2	0.186119
1048576	2	0.185223
1048576	2	0.169204
1048576	2	0.176845
1048576	2	0.172608
1048576	2	0.167972
1048576	2	0.174887
1048576	2	0.15866
1048576	2	0.164783
1048576	2	0.182071
1048576	2	0.17687
1048576	2	0.173634
1048576	2	0.168974
1048576	2	0.174769
1048576	2	0.172431
1048576	2	0.153712
1048576	2	0.173065
1048576	2	0.171771
1048576	2	0.161918
1048576	2	0.178341
1048576	3	0.170585
1048576	3	0.158282
1048576	3	0.174483
1048576	3	0.171714
1048576	3	0.169132
1048576	3	0.174458
1048576	3	0.17368
1048576	3	0.175235
1048576	3	0.175322
1048576	3	0.171198
1048576	3	0.16771
1048576	3	0.174049
1048576	3	0.167363
1048576	3	0.175715
1048576	3	0.164977
1048576	3	0.164754
1048576	3	0.166761
1048576	3	0.17253
1048576	3	0.159191
1048576	3	0.169446
1048576	4	0.178248
1048576	4	0.165322
1048576	4	0.171613
1048576	4	0.165115
1048576	4	0.170206
1048576	4	0.16775
1048576	4	0.159964
1048576	4	0.174041
1048576	4	0.171244
1048576	4	0.175255
1048576	4	0.169437
1048576	4	0.167305
1048576	4	0.176419
1048576	4	0.165158
1048576	4	0.168122
1048576	4	0.155938
1048576	4	0.165989
1048576	4	0.173137
1048576	4	0.171278
1048576	4	0.167609
1048576	5	0.171406
1048576	5	0.172066
1048576	5	0.176078
1048576	5	0.165882
1048576	5	0.166
1048576	5	0.169365
1048576	5	0.168657
1048576	5	0.176118
1048576	5	0.164353
1048576	5	0.157061
1048576	5	0.170616
1048576	5	0.172357
1048576	5	0.163472
1048576	5	0.172818
1048576	5	0.172808
1048576	5	0.148629
1048576	5	0.167323
1048576	5	0.168834
1048576	5	0.181223
1048576	5	0.17175
1048576	6	0.165618
1048576	6	0.169204
1048576	6	0.163779
1048576	6	0.172444
1048576	6	0.165101
1048576	6	0.163296
1048576	6	0.165739
1048576	6	0.170545
1048576	6	0.169739
1048576	6	0.175873
1048576	6	0.16345
1048576	6	0.175325
1048576	6	0.161805
1048576	6	0.169264
1048576	6	0.166726
1048576	6	0.165874
1048576	6	0.145211
1048576	6	0.1742
1048576	6	0.149852
1048576	6	0.163482
1048576	7	0.157232
1048576	7	0.158338
1048576	7	0.172989
1048576	7	0.168215
1048576	7	0.176829
1048576	7	0.161952
1048576	7	0.159221
1048576	7	0.164442
1048576	7	0.169469
1048576	7	0.17365
1048576	7	0.159138
1048576	7	0.170889
1048576	7	0.166564
1048576	7	0.16087
1048576	7	0.154411
1048576	7	0.163105
1048576	7	0.162559
1048576	7	0.159082
1048576	7	0.169291
1048576	7	0.1619
1048576	8	0.177565
1048576	8	0.155903
1048576	8	0.155922
1048576	8	0.158219
1048576	8	0.157261
1048576	8	0.15982
1048576	8	0.152553
1048576	8	0.159306
1048576	8	0.154902
1048576	8	0.152839
1048576	8	0.147643
1048576	8	0.157091
1048576	8	0.153292
1048576	8	0.153276
1048576	8	0.155615
1048576	8	0.159622
1048576	8	0.148602
1048576	8	0.157538
1048576	8	0.155318
1048576	8	0.156078
1048576	1	0.31346
1048576	1	0.336223
1048576	1	0.312331
1048576	1	0.318568
1048576	1	0.302269
1048576	1	0.322225
1048576	1	0.346641
1048576	1	0.317494
1048576	1	0.320832
1048576	1	0.326463
1048576	1	0.314284
1048576	1	0.322149
1048576	1	0.31786
1048576	1	0.311147
1048576	1	0.305762
1048576	1	0.305396
1048576	1	0.294054
1048576	1	0.285229
1048576	1	0.293361
1048576	1	0.290219
1048576	1	0.29373
1048576	1	0.299533
1048576	1	0.299216
1048576	1	0.309525
1048576	1	0.298493
1048576	1	0.30228
1048576	1	0.298501
1048576	1	0.298135
1048576	1	0.323178
1048576	1	0.297882
1048576	1	0.297315
1048576	1	0.302423
1048576	1	0.299901
1048576	1	0.304642
1048576	1	0.310563
1048576	1	0.301198
1048576	1	0.297377
1048576	1	0.296958
1048576	1	0.299119
1048576	1	0.293764
1048576	1	0.304902
1048576	1	0.307995
1048576	1	0.295524
1048576	1	0.292345
1048576	1	0.291243
1048576	1	0.306115
1048576	1	0.30216
1048576	1	0.295537
1048576	1	0.308063
1048576	1	0.306116
2097152	1	0.927598
2097152	1	0.854004
2097152	1	0.860099
2097152	1	0.847746
2097152	1	0.850379
2097152	1	0.858849
2097152	1	0.824314
2097152	1	0.815706
2097152	1	0.833166
2097152	1	0.827851
2097152	1	0.83383
2097152	1	0.828368
2097152	1	0.824267
2097152	1	0.834053
2097152	1	0.814926
2097152	1	0.83126
2097152	1	0.831075
2097152	1	0.841746
2097152	1	0.834466
2097152	1	0.829034
2097152	1	0.833293
2097152	1	0.851968
2097152	1	0.836318
2097152	1	0.850043
2097152	1	0.820414
2097152	1	0.82829
2097152	1	0.825091
2097152	1	0.800949
2097152	1	0.824807
2097152	1	0.852283
2097152	1	0.79922
2097152	1	0.812292
2097152	1	0.814004
2097152	1	0.814054
2097152	1	0.798226
2097152	1	0.80326
2097152	1	0.796313
2097152	1	0.793493
2097152	1	0.808214
2097152	1	0.806584
2097152	1	0.796914
2097152	1	0.791227
2097152	1	0.792829
2097152	1	0.794491
2097152	1	0.792926
2097152	1	0.797373
2097152	1	0.798589
2097152	1	0.806098
2097152	1	0.796498
2097152	1	0.814587
4194304	1	2.25657
4194304	1	2.25326
4194304	1	2.26123
4194304	1	2.22295
4194304	1	2.00345
4194304	1	2.20219
4194304	1	2.19399
4194304	1	2.27994
4194304	1	2.25275
4194304	1	2.2318
4194304	1	2.23841
4194304	1	2.24247
4194304	1	2.2312
4194304	1	2.22939
4194304	1	2.2264
4194304	1	2.27703
4194304	1	2.23327
4194304	1	2.22197
4194304	1	2.22401
4194304	1	2.21544
4194304	1	2.23662
4194304	1	2.17384
4194304	1	2.19955
4194304	1	2.24271
4194304	1	2.17529
4194304	1	2.23669
4194304	1	2.18987
4194304	1	2.23856
4194304	1	2.22798
4194304	1	2.25057
4194304	1	2.21743
4194304	1	2.23767
4194304	1	2.24387
4194304	1	2.20883
4194304	1	2.17385
4194304	1	2.20383
4194304	1	2.19262
4194304	1	2.15557
4194304	1	2.16214
4194304	1	2.18567
4194304	1	2.25579
4194304	1	2.28684
4194304	1	2.17267
4194304	1	2.21602
4194304	1	2.25534
4194304	1	2.21819
4194304	1	2.18582
4194304	1	2.12866
4194304	1	2.18493
4194304	1	2.15156
8388608	1	4.88633
8388608	1	4.96761
8388608	1	4.98502
8388608	1	4.84217
8388608	1	4.82624
8388608	1	4.6862
8388608	1	4.80071
8388608	1	4.89144
8388608	1	4.834
8388608	1	4.90469
8388608	1	4.92137
8388608	1	4.80873
8388608	1	4.86115
8388608	1	4.92298
8388608	1	4.69926
8388608	1	4.88766
8388608	1	4.88991
8388608	1	4.83868
8388608	1	4.82153
8388608	1	4.88067
8388608	1	4.93901
8388608	1	4.89003
8388608	1	4.85234
8388608	1	4.43275
8388608	1	4.90035
8388608	1	4.91328
8388608	1	4.94904
8388608	1	4.45876
8388608	1	4.85697
8388608	1	4.86309
8388608	1	4.84489
8388608	1	4.85244
8388608	1	4.89339
8388608	1	4.83702
8388608	1	4.83389
8388608	1	4.64863
8388608	1	4.82482
8388608	1	4.90106
8388608	1	4.9917
8388608	1	4.68522
8388608	1	4.61803
8388608	1	4.83596
8388608	1	4.81292
8388608	1	4.80777
8388608	1	4.98614
8388608	1	4.87728
8388608	1	4.7592
8388608	1	4.8684
8388608	1	4.89093
8388608	1	4.84454
16777216	1	10.6936
16777216	1	10.4781
16777216	1	10.589
16777216	1	10.2123
16777216	1	10.601
16777216	1	10.5173
16777216	1	10.6179
16777216	1	10.4387
16777216	1	10.4384
16777216	1	10.4986
16777216	1	10.5348
16777216	1	10.4366
16777216	1	10.6268
16777216	1	10.5029
16777216	1	10.5477
16777216	1	10.4821
16777216	1	10.447
16777216	1	10.6027
16777216	1	10.6871
16777216	1	10.1851
16777216	1	10.6004
16777216	1	10.6618
16777216	1	10.4322
16777216	1	10.4774
16777216	1	10.6075
16777216	1	10.4467
16777216	1	10.6299
16777216	1	10.4326
16777216	1	10.4776
16777216	1	10.5332
16777216	1	10.5757
16777216	1	10.4046
16777216	1	10.4279
16777216	1	10.4304
16777216	1	10.4378
16777216	1	10.4512
16777216	1	10.5032
16777216	1	10.3956
16777216	1	9.97432
16777216	1	10.5235
16777216	1	10.5205
16777216	1	10.4659
16777216	1	10.6222
16777216	1	10.5637
16777216	1	10.2394
16777216	1	10.4872
16777216	1	10.4551
16777216	1	10.612
16777216	1	10.4699
16777216	1	10.5776
33554432	1	22.6495
33554432	1	22.9863
33554432	1	22.6496
33554432	1	22.3172
33554432	1	22.2773
33554432	1	21.8826
33554432	1	22.3928
33554432	1	22.5243
33554432	1	21.6211
33554432	1	22.4396
33554432	1	22.6401
33554432	1	22.6682
33554432	1	22.6741
33554432	1	22.3106
33554432	1	22.6825
33554432	1	21.6272
33554432	1	22.6069
33554432	1	22.5149
33554432	1	22.7033
33554432	1	22.7105
33554432	1	22.3854
33554432	1	22.5623
33554432	1	22.4394
33554432	1	22.3409
33554432	1	22.8505
33554432	1	24.3944
33554432	1	22.6443
33554432	1	23.4606
1048576	1	0.30755
1048576	1	0.326654
1048576	1	0.314442
1048576	1	0.307459
1048576	1	0.308452
1048576	1	0.294966
1048576	1	0.291686
1048576	1	0.334495
1048576	1	0.297723
1048576	1	0.290201
1048576	1	0.30025
1048576	1	0.289898
1048576	1	0.2969
1048576	1	0.297492
1048576	1	0.297029
1048576	1	0.318522
1048576	1	0.300083
1048576	1	0.312224
1048576	1	0.30368
1048576	1	0.302796
1048576	1	0.311165
1048576	1	0.313521
1048576	1	0.300085
1048576	1	0.295673
1048576	1	0.297354
1048576	1	0.305397
1048576	1	0.306858
1048576	1	0.302538
1048576	1	0.308539
1048576	1	0.308722
1048576	1	0.322729
1048576	1	0.294887
1048576	1	0.327187
1048576	1	0.343052
1048576	1	0.35645
1048576	1	0.348464
1048576	1	0.374392
1048576	1	0.319367
1048576	1	0.351768
1048576	1	0.412896
1048576	1	0.357864
1048576	1	0.341877
1048576	1	0.323139
1048576	1	0.373104
1048576	1	0.358282
1048576	1	0.351508
1048576	1	0.362833
1048576	1	0.351901
1048576	1	0.297646
1048576	1	0.295781
1048576	2	0.161246
1048576	2	0.175747
1048576	2	0.315096
1048576	2	0.196581
1048576	2	0.187149
1048576	2	0.208475
1048576	2	0.161461
1048576	2	0.163182
1048576	2	0.205812
1048576	2	0.214092
1048576	2	0.161916
1048576	2	0.160159
1048576	2	0.176085
1048576	2	0.144286
1048576	2	0.17458
1048576	2	0.196785
1048576	2	0.175046
1048576	2	0.154971
1048576	2	0.157595
1048576	2	0.165894
1048576	2	0.184698
1048576	2	0.207169
1048576	2	0.168732
1048576	2	0.150609
1048576	2	0.149302
1048576	2	0.149136
1048576	2	0.148749
1048576	2	0.149263
1048576	2	0.149015
1048576	2	0.146678
1048576	2	0.162258
1048576	2	0.147688
1048576	2	0.148424
1048576	2	0.149327
1048576	2	0.1465
1048576	2	0.151001
1048576	2	0.146643
1048576	2	0.157548
1048576	2	0.150695
1048576	2	0.232128
1048576	2	0.183486
1048576	2	0.14983
1048576	2	0.163344
1048576	2	0.149565
1048576	2	0.155018
1048576	2	0.197108
1048576	2	0.181034
1048576	2	0.155458
1048576	2	0.159841
1048576	2	0.19012
1048576	3	0.153228
1048576	3	0.190731
1048576	3	0.165442
1048576	3	0.163664
1048576	3	0.20912
1048576	3	0.185719
1048576	3	0.22401
1048576	3	0.231786
1048576	3	0.202295
1048576	3	0.199666
1048576	3	0.199507
1048576	3	0.280412
1048576	3	0.227161
1048576	3	0.178681
1048576	3	0.197722
1048576	3	0.193478
1048576	3	0.23655
1048576	3	0.208008
1048576	3	0.209337
1048576	3	0.195569
1048576	3	0.163714
1048576	3	0.152421
1048576	3	0.153311
1048576	3	0.155706
1048576	3	0.149599
1048576	3	0.149067
1048576	3	0.179345
1048576	3	0.15379
1048576	3	0.151139
1048576	3	0.150354
1048576	3	0.150985
1048576	3	0.154877
1048576	3	0.163519
1048576	3	0.170749
1048576	3	0.192194
1048576	3	0.158716
1048576	3	0.19272
1048576	3	0.152079
1048576	3	0.163323
1048576	3	0.154248
1048576	3	0.159408
1048576	3	0.199772
1048576	3	0.15642
1048576	3	0.15137
1048576	3	0.152221
1048576	3	0.149211
1048576	3	0.157509
1048576	3	0.153687
1048576	3	0.150232
1048576	3	0.159229
1048576	4	0.156619
1048576	4	0.160276
1048576	4	0.158159
1048576	4	0.169892
1048576	4	0.15273
1048576	4	0.155179
1048576	4	0.179497
1048576	4	0.158333
1048576	4	0.153103
1048576	4	0.169673
1048576	4	0.152695
1048576	4	0.156653
1048576	4	0.167874
1048576	4	0.169075
1048576	4	0.160682
1048576	4	0.152183
1048576	4	0.161475
1048576	4	0.154121
1048576	4	0.15912
1048576	4	0.152065
1048576	4	0.189838
1048576	4	0.164319
1048576	4	0.152956
1048576	4	0.156735
1048576	4	0.19618
1048576	4	0.188513
1048576	4	0.170941
1048576	4	0.153002
1048576	4	0.171652
1048576	4	0.158924
1048576	4	0.152975
1048576	4	0.163397
1048576	4	0.154594
1048576	4	0.154848
1048576	4	0.178105
1048576	4	0.157548
1048576	4	0.162319
1048576	4	0.159833
1048576	4	0.165381
1048576	4	0.162968
1048576	4	0.160634
1048576	4	0.15419
1048576	4	0.15248
1048576	4	0.154295
1048576	4	0.160225
1048576	4	0.156462
1048576	4	0.154961
1048576	4	0.156237
1048576	4	0.154508
1048576	4	0.163843
1048576	5	0.156078
1048576	5	0.153354
1048576	5	0.15537
1048576	5	0.169988
1048576	5	0.154737
1048576	5	0.154501
1048576	5	0.149742
1048576	5	0.155416
1048576	5	0.155372
1048576	5	0.152229
1048576	5	0.150231
1048576	5	0.153507
1048576	5	0.154673
1048576	5	0.149837
1048576	5	0.154763
1048576	5	0.154329
1048576	5	0.158149
1048576	5	0.149274
1048576	5	0.155038
1048576	5	0.154082
1048576	5	0.151666
1048576	5	0.153196
1048576	5	0.155865
1048576	5	0.152811
1048576	5	0.156312
1048576	5	0.150108
1048576	5	0.153957
1048576	5	0.160682
1048576	5	0.169828
1048576	5	0.164631
1048576	5	0.216195
1048576	5	0.192195
1048576	5	0.155609
1048576	5	0.154264
1048576	5	0.168572
1048576	5	0.15636
1048576	5	0.15357
1048576	5	0.161291
1048576	5	0.156872
1048576	5	0.151882
1048576	5	0.150469
1048576	5	0.149196
1048576	5	0.152966
1048576	5	0.161427
1048576	5	0.156591
1048576	5	0.152574
1048576	5	0.155451
1048576	5	0.162773
1048576	5	0.163468
1048576	5	0.159068
1048576	6	0.151275
1048576	6	0.155347
1048576	6	0.157849
1048576	6	0.153794
1048576	6	0.152255
1048576	6	0.158237
1048576	6	0.161961
1048576	6	0.152523
1048576	6	0.15641
1048576	6	0.167889
1048576	6	0.170463
1048576	6	0.170162
1048576	6	0.160341
1048576	6	0.155171
1048576	6	0.158067
1048576	6	0.154274
1048576	6	0.157416
1048576	6	0.164714
1048576	6	0.154042
1048576	6	0.154941
1048576	6	0.15362
1048576	6	0.154035
1048576	6	0.157152
1048576	6	0.158035
1048576	6	0.1526
1048576	6	0.153618
1048576	6	0.15633
1048576	6	0.151764
1048576	6	0.161864
1048576	6	0.159563
1048576	6	0.167289
1048576	6	0.155338
1048576	6	0.154338
1048576	6	0.162155
1048576	6	0.159265
1048576	6	0.167358
1048576	6	0.16158
1048576	6	0.167163
1048576	6	0.150691
1048576	6	0.154198
1048576	6	0.173163
1048576	6	0.178764
1048576	6	0.156154
1048576	6	0.169661
1048576	6	0.163334
1048576	6	0.157041
1048576	6	0.198994
1048576	6	0.159136
1048576	6	0.161586
1048576	6	0.159188
1048576	7	0.161703
1048576	7	0.171239
1048576	7	0.1592
1048576	7	0.157093
1048576	7	0.155147
1048576	7	0.153904
1048576	7	0.161817
1048576	7	0.152818
1048576	7	0.157435
1048576	7	0.161468
1048576	7	0.153769
1048576	7	0.157489
1048576	7	0.156235
1048576	7	0.161662
1048576	7	0.15901
1048576	7	0.182787
1048576	7	0.16425
1048576	7	0.173501
1048576	7	0.164089
1048576	7	0.160214
1048576	7	0.160403
1048576	7	0.203334
1048576	7	0.164693
1048576	7	0.15619
1048576	7	0.16291
1048576	7	0.16226
1048576	7	0.168583
1048576	7	0.171003
1048576	7	0.162686
1048576	7	0.181593
1048576	7	0.192519
1048576	7	0.163884
1048576	7	0.163144
1048576	7	0.164143
1048576	7	0.171172
1048576	7	0.158146
1048576	7	0.158895
1048576	7	0.161487
1048576	7	0.159171
1048576	7	0.160389
1048576	7	0.164114
1048576	7	0.15357
1048576	7	0.169312
1048576	7	0.149119
1048576	7	0.157636
1048576	7	0.155841
1048576	7	0.152582
1048576	7	0.156718
1048576	7	0.168958
1048576	7	0.150654
1048576	8	0.153992
1048576	8	0.154201
1048576	8	0.153909
1048576	8	0.156817
1048576	8	0.157068
1048576	8	0.156916
1048576	8	0.157102
1048576	8	0.153093
1048576	8	0.159275
1048576	8	0.153855
1048576	8	0.159207
1048576	8	0.155762
1048576	8	0.157016
1048576	8	0.15444
1048576	8	0.175134
1048576	8	0.159499
1048576	8	0.156038
1048576	8	0.153106
1048576	8	0.153998
1048576	8	0.155282
1048576	8	0.155443
1048576	8	0.154197
1048576	8	0.154442
1048576	8	0.157535
1048576	8	0.153086
1048576	8	0.152112
1048576	8	0.153976
1048576	8	0.151134
1048576	8	0.156751
1048576	8	0.159893
1048576	8	0.157712
1048576	8	0.153842
1048576	8	0.15593
1048576	8	0.156125
1048576	8	0.156139
1048576	8	0.163594
1048576	8	0.156842
1048576	8	0.154192
1048576	8	0.1551
1048576	8	0.151355
1048576	8	0.15395
1048576	8	0.15282
1048576	8	0.154515
1048576	8	0.155844
1048576	8	0.156097
1048576	8	0.153387
1048576	8	0.151748
1048576	8	0.152963
1048576	8	0.157071
1048576	8	0.15572
1024	1	0.000298378
1024	1	0.00031005
1024	1	0.00029222
1024	1	0.000362735
1024	1	0.000295903
1024	1	0.000298334
1024	1	0.00029256
1024	1	0.000295301
1024	1	0.000193131
1024	1	0.000195193
1024	1	0.000196409
1024	1	0.00014517
1024	1	0.000147747
1024	1	0.00019938
1024	1	0.000119369
1024	1	0.00015121
1024	1	0.000118318
1024	1	0.000116608
1024	1	9.7834e-05
1024	1	9.8e-05
1024	1	9.6862e-05
1024	1	9.8104e-05
1024	1	9.7974e-05
1024	1	9.9988e-05
1024	1	9.7438e-05
1024	1	9.6595e-05
1024	1	9.8604e-05
1024	1	9.6726e-05
1024	1	9.7564e-05
1024	1	9.7679e-05
1024	1	0.000102606
1024	1	9.9023e-05
1024	1	0.000100348
1024	1	9.9853e-05
1024	1	9.7088e-05
1024	1	9.7184e-05
1024	1	0.000101048
1024	1	9.7157e-05
1024	1	0.000111919
1024	1	9.8223e-05
1024	1	9.7703e-05
1024	1	9.7526e-05
1024	1	9.7558e-05
1024	1	9.6808e-05
1024	1	9.7915e-05
1024	1	9.8079e-05
1024	1	9.8182e-05
1024	1	8.3371e-05
1024	1	8.4227e-05
1024	1	8.4171e-05
32768	1	0.00411108
32768	1	0.00346806
32768	1	0.00347065
32768	1	0.00323456
32768	1	0.00345269
32768	1	0.00329772
32768	1	0.00379595
32768	1	0.0044415
32768	1	0.0035102
32768	1	0.00323019
32768	1	0.00324484
32768	1	0.0033057
32768	1	0.0036253
32768	1	0.00331721
32768	1	0.00326131
32768	1	0.00354595
32768	1	0.00332874
32768	1	0.00333734
32768	1	0.00319992
32768	1	0.00331358
32768	1	0.00318652
32768	1	0.0034035
32768	1	0.00365721
32768	1	0.00328973
32768	1	0.00334743
32768	1	0.0033067
32768	1	0.00322944
32768	1	0.00441679
32768	1	0.00355472
32768	1	0.00336686
32768	1	0.00328543
32768	1	0.00428927
32768	1	0.0039277
32768	1	0.00329641
32768	1	0.0032401
32768	1	0.00336915
32768	1	0.00319969
32768	1	0.00326916
32768	1	0.00322363
32768	1	0.00335659
32768	1	0.00332121
32768	1	0.00342712
32768	1	0.00317335
32768	1	0.00362907
32768	1	0.00323273
32768	1	0.00333725
32768	1	0.00324745
32768	1	0.00323038
32768	1	0.00339624
32768	1	0.00366394
1024	2	0.000187851
1024	2	0.00104918
1024	2	0.00138224
1024	2	0.00919699
1024	2	0.00107589
1024	2	0.00318582
1024	2	0.00321071
1024	2	0.000456554
1024	2	0.0020881
1024	2	0.0031819
1024	2	0.00121667
1024	2	0.00126529
1024	2	0.00666056
1024	2	0.000368041
1024	2	0.00654845
1024	2	0.00340531
1024	2	0.00554463
1024	2	0.000850558
1024	2	0.00319565
1024	2	0.00309302
1024	2	0.00247209
1024	2	0.000282116
1024	2	0.00304553
1024	2	0.000613365
1024	2	0.00175915
1024	2	0.00409427
1024	2	0.00350338
1024	2	0.0102532
1024	2	0.00694778
1024	2	0.00223394
1024	2	0.000223263
1024	2	0.00322996
1024	2	0.00455353
1024	2	0.00173711
1024	2	0.0070526
1024	2	0.00456091
1024	2	0.00032044
1024	2	0.00566646
1024	2	0.00023519
1024	2	0.0107452
1024	2	0.000197684
1024	2	0.00110814
1024	2	0.00320914
1024	2	0.00321311
1024	2	0.00327779
1024	2	0.00963534
1024	2	0.000833327
1024	2	0.00282255
1024	2	0.00251122
1024	2	0.00555061
32768	2	0.00686951
32768	2	0.00341755
32768	2	0.00399534
32768	2	0.00379762
32768	2	0.00467898
32768	2	0.00352916
32768	2	0.0037883
32768	2	0.00344625
32768	2	0.00355566
32768	2	0.00335967
32768	2	0.00371452
32768	2	0.00476338
32768	2	0.00394425
32768	2	0.00335142
32768	2	0.00444897
32768	2	0.00293851
32768	2	0.00369356
32768	2	0.00310228
32768	2	0.00368241
32768	2	0.0038458
32768	2	0.0062653
32768	2	0.00315279
32768	2	0.00668562
32768	2	0.00300497
32768	2	0.00356323
32768	2	0.00375075
32768	2	0.00359733
32768	2	0.00468739
32768	2	0.00364751
32768	2	0.0106017
32768	2	0.00597632
32768	2	0.00571165
32768	2	0.00310422
32768	2	0.00515188
32768	2	0.00350188
32768	2	0.00375442
32768	2	0.00862924
32768	2	0.00330866
32768	2	0.0113172
32768	2	0.00308867
32768	2	0.00346047
32768	2	0.00336038
32768	2	0.00356304
32768	2	0.00845072
32768	2	0.00312999
32768	2	0.00285126
32768	2	0.00360911
32768	2	0.00608629
32768	2	0.00338582
32768	2	0.00357885
1024	3	0.0056469
1024	3	0.00350339
1024	3	0.00903369
1024	3	0.00146869
1024	3	0.00295021
1024	3	0.00147319
1024	3	0.00286619
1024	3	0.000491594
1024	3	0.0014227
1024	3	0.00791396
1024	3	0.00131512
1024	3	0.000365486
1024	3	0.00391816
1024	3	0.00309316
1024	3	0.00354711
1024	3	0.0066994
1024	3	0.000339126
1024	3	0.000337165
1024	3	0.00548496
1024	3	0.00329284
1024	3	0.00273757
1024	3	0.000407547
1024	3	0.00114538
1024	3	0.00489005
1024	3	0.00145653
1024	3	0.00156446
1024	3	0.00325773
1024	3	0.00152158
1024	3	0.000411071
1024	3	0.00244488
1024	3	0.00316045
1024	3	0.00896933
1024	3	0.003139
1024	3	0.00326201
1024	3	0.00442938
1024	3	0.00173516
1024	3	0.00320061
1024	3	0.000371035
1024	3	0.00201251
1024	3	0.00322419
1024	3	0.0032696
1024	3	0.000888748
1024	3	0.00246788
1024	3	0.00251013
1024	3	0.00326556
1024	3	0.00124331
1024	3	0.00132163
1024	3	0.00333018
1024	3	0.00300964
1024	3	0.00665982
32768	3	0.00701244
32768	3	0.00364088
32768	3	0.00347997
32768	3	0.00490761
32768	3	0.00512328
32768	3	0.0039289
32768	3	0.0115402
32768	3	0.0031157
32768	3	0.0050745
32768	3	0.0043284
32768	3	0.00435592
32768	3	0.00315997
32768	3	0.00591086
32768	3	0.00274411
32768	3	0.0026397
32768	3	0.00272319
32768	3	0.00794345
32768	3	0.00378683
32768	3	0.00320698
32768	3	0.00335467
32768	3	0.0027285
32768	3	0.00322452
32768	3	0.00346516
32768	3	0.00268508
32768	3	0.00384105
32768	3	0.0027818
32768	3	0.00385509
32768	3	0.00543037
32768	3	0.00415874
32768	3	0.00646943
32768	3	0.0162788
32768	3	0.0192646
32768	3	0.00342373
32768	3	0.00494542
32768	3	0.00572351
32768	3	0.00537754
32768	3	0.00433817
32768	3	0.00603935
32768	3	0.00408317
32768	3	0.0034382
32768	3	0.00309252
32768	3	0.00440443
32768	3	0.00402453
32768	3	0.00389896
32768	3	0.00358466
32768	3	0.00344814
32768	3	0.00336632
32768	3	0.00505089
32768	3	0.00328581
32768	3	0.00386651
1024	4	0.00113286
1024	4	0.0023202
1024	4	0.00231047
1024	4	0.00551476
1024	4	0.00170013
1024	4	0.00750493
1024	4	0.006816
1024	4	0.0030819
1024	4	0.000250495
1024	4	0.00212765
1024	4	0.00735857
1024	4	0.000383004
1024	4	0.00172724
1024	4	0.00317296
1024	4	0.00110963
1024	4	0.00130868
1024	4	0.00284756
1024	4	0.000323079
1024	4	0.00852578
1024	4	0.000619031
1024	4	0.00338798
1024	4	0.00454032
1024	4	0.000272139
1024	4	0.00030116
1024	4	0.00556137
1024	4	0.00135405
1024	4	0.0112063
1024	4	0.00134544
1024	4	0.000294748
1024	4	0.00131289
1024	4	0.00182902
1024	4	0.0071389
1024	4	0.00324457
1024	4	0.000560735
1024	4	0.00512628
1024	4	0.00287461
1024	4	0.0023745
1024	4	0.00764176
1024	4	0.0101401
1024	4	0.000317787
1024	4	0.00355735
1024	4	0.000248641
1024	4	0.00443707
1024	4	0.00775716
1024	4	0.000485671
1024	4	0.00106519
1024	4	0.00443592
1024	4	0.00235007
1024	4	0.00559159
1024	4	0.0030089
32768	4	0.00396887
32768	4	0.0240251
32768	4	0.0177345
32768	4	0.0035441
32768	4	0.00374582
32768	4	0.0153542
32768	4	0.0199105
32768	4	0.00731387
32768	4	0.021706
32768	4	0.0111932
32768	4	0.0156173
32768	4	0.0129865
32768	4	0.00373155
32768	4	0.0270816
32768	4	0.0244632
32768	4	0.0183215
32768	4	0.00553545
32768	4	0.00333517
32768	4	0.00287667
32768	4	0.00792982
32768	4	0.00792486
32768	4	0.00335232
32768	4	0.0255412
32768	4	0.0165656
32768	4	0.0199596
32768	4	0.00444326
32768	4	0.00686437
32768	4	0.00341452
32768	4	0.00327407
32768	4	0.0187085
32768	4	0.0115606
32768	4	0.00392509
32768	4	0.00324788
32768	4	0.00458524
32768	4	0.00280035
32768	4	0.00267244
32768	4	0.00622016
32768	4	0.00758859
32768	4	0.00881886
32768	4	0.00390903
32768	4	0.0033219
32768	4	0.00357382
32768	4	0.00373466
32768	4	0.00271811
32768	4	0.00282238
32768	4	0.00357952
32768	4	0.00472079
32768	4	0.00438846
32768	4	0.00407603
32768	4	0.00453422
1024	5	0.000674385
1024	5	0.00269633
1024	5	0.0014151
1024	5	0.000620516
1024	5	0.00329123
1024	5	0.00331224
1024	5	0.00327566
1024	5	0.000782974
1024	5	0.00180799
1024	5	0.00332696
1024	5	0.00329018
1024	5	0.000427488
1024	5	0.00720759
1024	5	0.00160408
1024	5	0.00318782
1024	5	0.003399
1024	5	0.0112264
1024	5	0.00688134
1024	5	0.00311004
1024	5	0.000710078
1024	5	0.00161716
1024	5	0.00326603
1024	5	0.00325885
1024	5	0.00327183
1024	5	0.00702008
1024	5	0.00361432
1024	5	0.00669717
1024	5	0.0125857
1024	5	0.000431349
1024	5	0.00060776
1024	5	0.0072973
1024	5	0.00712182
1024	5	0.00138643
1024	5	0.000288386
1024	5	0.0112326
1024	5	0.00120139
1024	5	0.00556158
1024	5	0.0011564
1024	5	0.00507301
1024	5	0.00307819
1024	5	0.000860888
1024	5	0.00129049
1024	5	0.00266872
1024	5	0.00293638
1024	5	0.00165293
1024	5	0.000875824
1024	5	0.00388763
1024	5	0.0055373
1024	5	0.00396397
1024	5	0.00497757
32768	5	0.00273083
32768	5	0.00464986
32768	5	0.00700649
32768	5	0.00362731
32768	5	0.0131855
32768	5	0.00339259
32768	5	0.00275458
32768	5	0.0133697
32768	5	0.00304053
32768	5	0.00420206
32768	5	0.00283862
32768	5	0.00436413
32768	5	0.00301597
32768	5	0.00374758
32768	5	0.00313323
32768	5	0.00347556
32768	5	0.00295893
32768	5	0.00503017
32768	5	0.00326095
32768	5	0.00330539
32768	5	0.00418427
32768	5	0.00331443
32768	5	0.00422119
32768	5	0.017648
32768	5	0.00769043
32768	5	0.0031694
32768	5	0.004088
32768	5	0.0027438
32768	5	0.00277025
32768	5	0.00683615
32768	5	0.00454165
32768	5	0.00335257
32768	5	0.00268307
32768	5	0.00325767
32768	5	0.00483517
32768	5	0.00314461
32768	5	0.00366035
32768	5	0.00459535
32768	5	0.00334345
32768	5	0.0034452
32768	5	0.00521655
32768	5	0.00809865
32768	5	0.00371853
32768	5	0.00345766
32768	5	0.00284882
32768	5	0.00272564
32768	5	0.00377601
32768	5	0.00276709
32768	5	0.00378671
32768	5	0.00358296
1024	6	0.00210874
1024	6	0.000313826
1024	6	0.004554
1024	6	0.00158127
1024	6	0.00325696
1024	6	0.00329356
1024	6	0.00159885
1024	6	0.00244113
1024	6	0.00175167
1024	6	0.00187491
1024	6	0.000610222
1024	6	0.00351598
1024	6	0.000365337
1024	6	0.0132132
1024	6	0.000423749
1024	6	0.000307596
1024	6	0.00546419
1024	6	0.000562172
1024	6	0.000911854
1024	6	0.00329402
1024	6	0.000718714
1024	6	0.00141357
1024	6	0.00778279
1024	6	0.00551385
1024	6	0.000953153
1024	6	0.00178963
1024	6	0.00143115
1024	6	0.00263382
1024	6	0.0032836
1024	6	0.00324341
1024	6	0.00487672
1024	6	0.00173543
1024	6	0.00332921
1024	6	0.00130061
1024	6	0.0012496
1024	6	0.00326627
1024	6	0.00328662
1024	6	0.00324699
1024	6	0.00536408
1024	6	0.00121527
1024	6	0.000572834
1024	6	0.00200649
1024	6	0.0054251
1024	6	0.000331842
1024	6	0.0131402
1024	6	0.00169418
1024	6	0.00215842
1024	6	0.00661285
1024	6	0.000671946
1024	6	0.000925903
32768	6	0.00583414
32768	6	0.00346683
32768	6	0.00553463
32768	6	0.00442366
32768	6	0.00353152
32768	6	0.00392781
32768	6	0.00276156
32768	6	0.00265584
32768	6	0.00381478
32768	6	0.00503835
32768	6	0.00448213
32768	6	0.00371837
32768	6	0.00308013
32768	6	0.00992
32768	6	0.00307741
32768	6	0.00515637
32768	6	0.00314282
32768	6	0.00351861
32768	6	0.00368245
32768	6	0.00371629
32768	6	0.00398733
32768	6	0.00326622
32768	6	0.00424487
32768	6	0.00329282
32768	6	0.00373397
32768	6	0.00399461
32768	6	0.0034607
32768	6	0.00289892
32768	6	0.0036141
32768	6	0.00356785
32768	6	0.00394766
32768	6	0.00861049
32768	6	0.00657751
32768	6	0.00373984
32768	6	0.00398692
32768	6	0.00324973
32768	6	0.00541603
32768	6	0.00329079
32768	6	0.00363424
32768	6	0.00442885
32768	6	0.00294833
32768	6	0.00374952
32768	6	0.00478302
32768	6	0.00382611
32768	6	0.00343565
32768	6	0.00371543
32768	6	0.00903011
32768	6	0.00374218
32768	6	0.00386865
32768	6	0.00423258
1024	7	0.00476553
1024	7	0.000209285
1024	7	0.000891742
1024	7	0.00330052
1024	7	0.00722785
1024	7	0.00185363
1024	7	0.0039821
1024	7	0.0050966
1024	7	0.00535585
1024	7	0.00324805
1024	7	0.00324859
1024	7	0.00200318
1024	7	0.000567762
1024	7	0.00333454
1024	7	0.000375196
1024	7	0.00211039
1024	7	0.00319537
1024	7	0.0010156
1024	7	0.00165686
1024	7	0.0011834
1024	7	0.00536628
1024	7	0.00314474
1024	7	0.0060053
1024	7	0.000420432
1024	7	0.00543461
1024	7	0.00111206
1024	7	0.00318372
1024	7	0.0265606
1024	7	0.0121943
1024	7	0.000319987
1024	7	0.00234773
1024	7	0.0020527
1024	7	0.00322996
1024	7	0.0039731
1024	7	0.0012855
1024	7	0.000180007
1024	7	0.00347528
1024	7	0.00308656
1024	7	0.00713395
1024	7	0.00305879
1024	7	0.010373
1024	7	0.0013083
1024	7	0.00860664
1024	7	0.000212896
1024	7	0.00306165
1024	7	0.000533539
1024	7	0.00187423
1024	7	0.00323328
1024	7	0.00297338
1024	7	0.00153418
32768	7	0.00383986
32768	7	0.00360706
32768	7	0.00354044
32768	7	0.00403326
32768	7	0.00991163
32768	7	0.00348234
32768	7	0.00365043
32768	7	0.0033363
32768	7	0.00696774
32768	7	0.00367139
32768	7	0.0042439
32768	7	0.00343295
32768	7	0.00322854
32768	7	0.00359522
32768	7	0.00352831
32768	7	0.00340037
32768	7	0.00355596
32768	7	0.00450876
32768	7	0.0101537
32768	7	0.00460398
32768	7	0.00415245
32768	7	0.00451696
32768	7	0.00330211
32768	7	0.00371088
32768	7	0.00353664
32768	7	0.00339803
32768	7	0.00557948
32768	7	0.00548343
32768	7	0.00361531
32768	7	0.00326889
32768	7	0.00343511
32768	7	0.00720219
32768	7	0.00393805
32768	7	0.00395419
32768	7	0.00413411
32768	7	0.00367256
32768	7	0.00383696
32768	7	0.00369796
32768	7	0.00375586
32768	7	0.00973554
32768	7	0.00430412
32768	7	0.00330295
32768	7	0.00642886
32768	7	0.00349372
32768	7	0.0037793
32768	7	0.00364946
32768	7	0.00550102
32768	7	0.00350461
32768	7	0.00336127
32768	7	0.00454073
1024	8	0.000958582
1024	8	0.00546036
1024	8	0.00129502
1024	8	0.0118189
1024	8	0.00107017
1024	8	0.00602768
1024	8	0.00455158
1024	8	0.000237187
1024	8	0.000233828
1024	8	0.00949861
1024	8	0.00303536
1024	8	0.00312934
1024	8	0.00109849
1024	8	0.00546932
1024	8	0.0013924
1024	8	0.000678678
1024	8	0.000276215
1024	8	0.000732669
1024	8	0.00447062
1024	8	0.00130953
1024	8	0.00102732
1024	8	0.00461947
1024	8	0.00163404
1024	8	0.00319457
1024	8	0.0020119
1024	8	0.000264761
1024	8	0.0077767
1024	8	0.000221082
1024	8	0.00144539
1024	8	0.00316065
1024	8	0.000255181
1024	8	0.00203952
1024	8	0.00266883
1024	8	0.00817692
1024	8	0.000408013
1024	8	0.000240324
1024	8	0.00140754
1024	8	0.00182845
1024	8	0.00260235
1024	8	0.0077651
1024	8	0.00060339
1024	8	0.00419144
1024	8	0.000324028
1024	8	0.00313739
1024	8	0.00319539
1024	8	0.00418868
1024	8	0.000208451
1024	8	0.000443001
1024	8	0.00318578
1024	8	0.000327087
32768	8	0.00368973
32768	8	0.00372329
32768	8	0.00351397
32768	8	0.0152915
32768	8	0.00348177
32768	8	0.00360931
32768	8	0.00323772
32768	8	0.00364587
32768	8	0.016143
32768	8	0.0141056
32768	8	0.00355337
32768	8	0.00450871
32768	8	0.00501003
32768	8	0.00406715
32768	8	0.00321955
32768	8	0.00360013
32768	8	0.00392842
32768	8	0.00723251
32768	8	0.00468119
32768	8	0.0035663
32768	8	0.0036711
32768	8	0.0041918
32768	8	0.00646367
32768	8	0.00331078
32768	8	0.00378504
32768	8	0.00335294
32768	8	0.00350021
32768	8	0.00293215
32768	8	0.00348006
32768	8	0.0028684
32768	8	0.00445577
32768	8	0.00347584
32768	8	0.00376134
32768	8	0.00399109
32768	8	0.0032807
32768	8	0.00375782
32768	8	0.00373356
32768	8	0.00383026
32768	8	0.00363298
32768	8	0.00307983
32768	8	0.00906414
32768	8	0.00449637
32768	8	0.0104581
32768	8	0.0028833
32768	8	0.00462814
32768	8	0.00345492
32768	8	0.00293739
32768	8	0.00530498
32768	8	0.00411636
32768	8	0.00340176
2097152	1	1.04815
2097152	1	1.03404
2097152	1	1.0229
2097152	1	0.996413
2097152	1	0.972336
2097152	1	0.981217
2097152	1	0.987116
2097152	1	0.928622
2097152	1	0.91621
2097152	1	0.998379
2097152	1	0.972508
2097152	1	0.998009
2097152	1	0.987578
2097152	1	1.01986
2097152	1	0.995152
2097152	1	0.933241
2097152	1	0.911795
2097152	1	0.933596
2097152	1	0.901495
2097152	1	0.948891
2097152	1	0.969226
2097152	1	0.98837
2097152	1	0.92756
2097152	1	1.00702
2097152	1	1.00224
2097152	1	1.01159
2097152	1	1.0308
2097152	1	1.03988
2097152	1	1.03397
2097152	1	1.0045
2097152	1	0.93136
2097152	1	0.931715
2097152	1	0.918097
2097152	1	0.884461
2097152	1	0.958291
2097152	1	0.981191
2097152	1	0.95175
2097152	1	1.01123
2097152	1	0.974871
2097152	1	0.938328
2097152	1	0.923567
2097152	1	0.953131
2097152	1	0.936835
2097152	1	0.911822
2097152	1	0.900617
2097152	1	0.871322
2097152	1	0.925693
2097152	1	0.912211
2097152	1	0.68889
2097152	1	0.767766
2097152	2	0.42409
2097152	2	0.418305
2097152	2	0.39734
2097152	2	0.500639
2097152	2	0.4978
2097152	2	0.492241
2097152	2	0.450638
2097152	2	0.407115
2097152	2	0.446218
2097152	2	0.385475
2097152	2	0.402144
2097152	2	0.411122
2097152	2	0.486508
2097152	2	0.498423
2097152	2	0.389982
2097152	2	0.381329
2097152	2	0.374971
2097152	2	0.404529
2097152	2	0.478164
2097152	2	0.419865
2097152	2	0.390427
2097152	2	0.398584
2097152	2	0.447708
2097152	2	0.364263
2097152	2	0.470569
2097152	2	0.450725
2097152	2	0.414278
2097152	2	0.384175
2097152	2	0.371864
2097152	2	0.391132
2097152	2	0.380011
2097152	2	0.387468
2097152	2	0.376913
2097152	2	0.404499
2097152	2	0.371269
2097152	2	0.371953
2097152	2	0.412993
2097152	2	0.375231
2097152	2	0.387694
2097152	2	0.39859
2097152	2	0.371937
2097152	2	0.36292
2097152	2	0.383723
2097152	2	0.378273
2097152	2	0.381607
2097152	2	0.462534
2097152	2	0.410312
2097152	2	0.369767
2097152	2	0.41061
2097152	2	0.39287
2097152	3	0.394232
2097152	3	0.387068
2097152	3	0.383278
2097152	3	0.36558
2097152	3	0.360563
2097152	3	0.357986
2097152	3	0.409916
2097152	3	0.418034
2097152	3	0.425446
2097152	3	0.369705
2097152	3	0.404655
2097152	3	0.414444
2097152	3	0.38398
2097152	3	0.423517
2097152	3	0.377035
2097152	3	0.439197
2097152	3	0.373098
2097152	3	0.47905
2097152	3	0.42131
2097152	3	0.441295
2097152	3	0.418117
2097152	3	0.375255
2097152	3	0.365393
2097152	3	0.412122
2097152	3	0.385672
2097152	3	0.420238
2097152	3	0.372265
2097152	3	0.445384
2097152	3	0.420175
2097152	3	0.376516
2097152	3	0.42301
2097152	3	0.361488
2097152	3	0.382193
2097152	3	0.42553
2097152	3	0.400811
2097152	3	0.424087
2097152	3	0.429523
2097152	3	0.392673
2097152	3	0.418441
2097152	3	0.402887
2097152	3	0.364955
2097152	3	0.38283
2097152	3	0.378861
2097152	3	0.399338
2097152	3	0.385286
2097152	3	0.451862
2097152	3	0.433539
2097152	3	0.37593
2097152	3	0.450391
2097152	3	0.387861
2097152	4	0.375641
2097152	4	0.426421
2097152	4	0.422645
2097152	4	0.361909
2097152	4	0.369876
2097152	4	0.419468
2097152	4	0.409875
2097152	4	0.407449
2097152	4	0.422832
2097152	4	0.363679
2097152	4	0.362286
2097152	4	0.363725
2097152	4	0.366299
2097152	4	0.387976
2097152	4	0.414316
2097152	4	0.422628
2097152	4	0.427269
2097152	4	0.414471
2097152	4	0.417013
2097152	4	0.37029
2097152	4	0.396392
2097152	4	0.350281
2097152	4	0.365786
2097152	4	0.377689
2097152	4	0.422814
2097152	4	0.412906
2097152	4	0.368889
2097152	4	0.36575
2097152	4	0.383202
2097152	4	0.362014
2097152	4	0.367297
2097152	4	0.395434
2097152	4	0.432706
2097152	4	0.457713
2097152	4	0.458507
2097152	4	0.385939
2097152	4	0.401146
2097152	4	0.410544
2097152	4	0.370405
2097152	4	0.424091
2097152	4	0.379331
2097152	4	0.362264
2097152	4	0.407617
2097152	4	0.390913
2097152	4	0.373723
2097152	4	0.418671
2097152	4	0.406143
2097152	4	0.403456
2097152	4	0.390573
2097152	4	0.350098
2097152	5	0.408217
2097152	5	0.348242
2097152	5	0.348437
2097152	5	0.398134
2097152	5	0.396336
2097152	5	0.43838
2097152	5	0.387859
2097152	5	0.447811
2097152	5	0.406101
2097152	5	0.350726
2097152	5	0.41191
2097152	5	0.355047
2097152	5	0.394199
2097152	5	0.368508
2097152	5	0.419442
2097152	5	0.385478
2097152	5	0.349486
2097152	5	0.369499
2097152	5	0.410637
2097152	5	0.355399
2097152	5	0.374482
2097152	5	0.395216
2097152	5	0.424537
2097152	5	0.37187
2097152	5	0.361646
2097152	5	0.420791
2097152	5	0.392386
2097152	5	0.475061
2097152	5	0.420424
2097152	5	0.37543
2097152	5	0.445459
2097152	5	0.468439
2097152	5	0.477093
2097152	5	0.444274
2097152	5	0.425801
2097152	5	0.517415
2097152	5	0.500542
2097152	5	0.427816
2097152	5	0.409524
2097152	5	0.453687
2097152	5	0.439251
2097152	5	0.416234
2097152	5	0.441161
2097152	5	0.386158
2097152	5	0.430517
2097152	5	0.359157
2097152	5	0.409017
2097152	5	0.362227
2097152	5	0.364056
2097152	5	0.363728
2097152	6	0.403387
2097152	6	0.402864
2097152	6	0.357219
2097152	6	0.360156
2097152	6	0.35848
2097152	6	0.35597
2097152	6	0.379723
2097152	6	0.350578
2097152	6	0.359361
2097152	6	0.392784
2097152	6	0.350847
2097152	6	0.376404
2097152	6	0.395124
2097152	6	0.394423
2097152	6	0.394515
2097152	6	0.355666
2097152	6	0.348667
2097152	6	0.345892
2097152	6	0.398634
2097152	6	0.393723
2097152	6	0.356996
2097152	6	0.393456
2097152	6	0.369034
2097152	6	0.357831
2097152	6	0.399581
2097152	6	0.373088
2097152	6	0.364784
2097152	6	0.346347
2097152	6	0.389952
2097152	6	0.332566
2097152	6	0.351137
2097152	6	0.387137
2097152	6	0.396635
2097152	6	0.357916
2097152	6	0.353942
2097152	6	0.349651
2097152	6	0.367276
2097152	6	0.348139
2097152	6	0.363064
2097152	6	0.353127
2097152	6	0.346814
2097152	6	0.37619
2097152	6	0.389697
2097152	6	0.378874
2097152	6	0.393319
2097152	6	0.352244
2097152	6	0.39022
2097152	6	0.397171
2097152	6	0.393291
2097152	6	0.391972
2097152	7	0.407052
2097152	7	0.390657
2097152	7	0.392052
2097152	7	0.385829
2097152	7	0.392813
2097152	7	0.353619
2097152	7	0.362534
2097152	7	0.387353
2097152	7	0.346777
2097152	7	0.376442
2097152	7	0.349675
2097152	7	0.361775
2097152	7	0.351004
2097152	7	0.362731
2097152	7	0.40136
2097152	7	0.357425
2097152	7	0.350333
2097152	7	0.39327
2097152	7	0.373183
2097152	7	0.349501
2097152	7	0.357985
2097152	7	0.382166
2097152	7	0.357844
2097152	7	0.40051
2097152	7	0.398113
2097152	7	0.38127
2097152	7	0.360441
2097152	7	0.389984
2097152	7	0.341378
2097152	7	0.361387
2097152	7	0.400181
2097152	7	0.344609
2097152	7	0.367073
2097152	7	0.394123
2097152	7	0.37543
2097152	7	0.395658
2097152	7	0.348482
2097152	7	0.349956
2097152	7	0.361391
2097152	7	0.355594
2097152	7	0.392111
2097152	7	0.376778
2097152	7	0.358296
2097152	7	0.347533
2097152	7	0.353133
2097152	7	0.357712
2097152	7	0.350657
2097152	7	0.359591
2097152	7	0.393896
2097152	7	0.350748
2097152	8	0.390921
2097152	8	0.38067
2097152	8	0.347351
2097152	8	0.392631
2097152	8	0.367429
2097152	8	0.350848
2097152	8	0.361302
2097152	8	0.400962
2097152	8	0.358125
2097152	8	0.391789
2097152	8	0.348576
2097152	8	0.428443
2097152	8	0.360297
2097152	8	0.361489
2097152	8	0.355726
2097152	8	0.382847
2097152	8	0.395401
2097152	8	0.356666
2097152	8	0.372698
2097152	8	0.375473
2097152	8	0.370273
2097152	8	0.346003
2097152	8	0.357465
2097152	8	0.356117
2097152	8	0.344175
2097152	8	0.357053
2097152	8	0.359379
2097152	8	0.351659
2097152	8	0.352191
2097152	8	0.394777
2097152	8	0.357744
2097152	8	0.398418
2097152	8	0.382151
2097152	8	0.394736
2097152	8	0.344664
2097152	8	0.344714
2097152	8	0.362409
2097152	8	0.375053
2097152	8	0.406148
2097152	8	0.417783
2097152	8	0.367546
2097152	8	0.399926
2097152	8	0.372818
2097152	8	0.353013
2097152	8	0.350191
2097152	8	0.360551
2097152	8	0.394021
2097152	8	0.353003
2097152	8	0.397258
2097152	8	0.34814
4194304	1	2.31697
4194304	1	2.27694
4194304	1	2.32143
4194304	1	1.97974
4194304	1	2.21923
4194304	1	2.28444
4194304	1	2.27572
4194304	1	2.2573
4194304	1	2.25793
4194304	1	2.23922
4194304	1	2.22764
4194304	1	2.01421
4194304	1	2.24452
4194304	1	2.24299
4194304	1	2.28101
4194304	1	2.2256
4194304	1	2.28842
4194304	1	2.21961
4194304	1	2.30558
4194304	1	2.29313
4194304	2	1.16692
4194304	2	1.29138
4194304	2	0.92401
4194304	2	1.04748
4194304	2	0.980527
4194304	2	1.17563
4194304	2	1.1424
4194304	2	1.06052
4194304	2	1.18033
4194304	2	1.18308
4194304	2	1.17075
4194304	2	0.947229
4194304	2	1.04927
4194304	2	1.19239
4194304	2	1.16755
4194304	2	1.16932
4194304	2	1.03117
4194304	2	0.917712
4194304	2	1.18355
4194304	2	1.173
4194304	3	1.16319
4194304	3	0.983198
4194304	3	1.15731
4194304	3	1.16283
4194304	3	1.16911
4194304	3	1.1339
4194304	3	1.17025
4194304	3	0.92298
4194304	3	0.905579
4194304	3	0.883398
4194304	3	0.866041
4194304	3	1.1367
4194304	3	1.07471
4194304	3	1.06
4194304	3	0.896607
4194304	3	1.10139
4194304	3	1.11192
4194304	3	0.758225
4194304	3	1.07675
4194304	3	1.10496
4194304	4	1.15389
4194304	4	1.13982
4194304	4	0.983145
4194304	4	1.16016
4194304	4	1.16308
4194304	4	0.981382
4194304	4	0.85329
4194304	4	1.01976
4194304	4	1.05995
4194304	4	1.09853
4194304	4	1.04575
4194304	4	1.00629
4194304	4	0.954567
4194304	4	0.855262
4194304	4	0.900502
4194304	4	1.15039
4194304	4	0.898359
4194304	4	0.975592
4194304	4	0.878656
4194304	4	0.947586
4194304	5	0.944222
4194304	5	1.00384
4194304	5	1.15305
4194304	5	1.15111
4194304	5	1.13356
4194304	5	1.08344
4194304	5	0.983895
4194304	5	1.0259
4194304	5	1.13571
4194304	5	1.16727
4194304	5	1.10047
4194304	5	1.15665
4194304	5	1.14225
4194304	5	1.1499
4194304	5	0.835637
4194304	5	1.13837
4194304	5	0.890142
4194304	5	1.14469
4194304	5	1.03077
4194304	5	1.13705
4194304	6	1.1367
4194304	6	1.14215
4194304	6	0.876739
4194304	6	1.13914
4194304	6	0.864187
4194304	6	0.990249
4194304	6	0.999536
4194304	6	1.14077
4194304	6	0.94931
4194304	6	1.10468
4194304	6	1.06534
4194304	6	1.12564
4194304	6	1.13421
4194304	6	1.10498
4194304	6	1.15412
4194304	6	0.980964
4194304	6	1.14248
4194304	6	1.12404
4194304	6	0.88007
4194304	6	1.02353
4194304	7	0.918401
4194304	7	1.13853
4194304	7	0.921485
4194304	7	1.10151
4194304	7	1.03974
4194304	7	0.873282
4194304	7	0.858117
4194304	7	0.940336
4194304	7	0.994684
4194304	7	1.11103
4194304	7	1.10288
4194304	7	1.18908
4194304	7	1.12797
4194304	7	1.20518
4194304	7	1.18185
4194304	7	1.0738
4194304	7	1.14217
4194304	7	1.07964
4194304	7	1.13836
4194304	7	0.952676
4194304	8	0.915321
4194304	8	1.15806
4194304	8	1.13728
4194304	8	0.901433
4194304	8	1.145
4194304	8	1.1487
4194304	8	0.866335
4194304	8	1.18242
4194304	8	0.990324
4194304	8	0.913971
4194304	8	1.17167
4194304	8	1.14553
4194304	8	1.15471
4194304	8	1.15344
4194304	8	1.16158
4194304	8	1.16473
4194304	8	1.08505
4194304	8	1.15631
4194304	8	1.13364
4194304	8	1.17052
65536	1	0.0219668
65536	1	0.0131974
65536	1	0.0083378
65536	1	0.00873268
65536	1	0.00795893
65536	1	0.00749971
65536	1	0.00768605
65536	1	0.00735253
65536	1	0.0077239
65536	1	0.00786161
65536	1	0.00910109
65536	1	0.00974914
65536	1	0.00734416
65536	1	0.00827137
65536	1	0.00810195
65536	1	0.00817907
65536	1	0.00757517
65536	1	0.00744634
65536	1	0.00749661
65536	1	0.00801181
131072	1	0.0198696
131072	1	0.0205329
131072	1	0.0185744
131072	1	0.0183359
131072	1	0.0184162
131072	1	0.0189195
131072	1	0.0199402
131072	1	0.0183526
131072	1	0.0182262
131072	1	0.018262
131072	1	0.0197238
131072	1	0.0195174
131072	1	0.0225387
131072	1	0.0208524
131072	1	0.0193083
131072	1	0.022646
131072	1	0.0192863
131072	1	0.0188523
131072	1	0.0185913
131072	1	0.0191463
262144	1	0.050277
262144	1	0.0546258
262144	1	0.0622067
262144	1	0.0616106
262144	1	0.0609855
262144	1	0.0584975
262144	1	0.0644042
262144	1	0.0619975
262144	1	0.05784
262144	1	0.0592656
262144	1	0.0603622
262144	1	0.055944
262144	1	0.0535102
262144	1	0.0610492
262144	1	0.0721471
262144	1	0.0679721
262144	1	0.0705881
262144	1	0.0635493
262144	1	0.0606057
262144	1	0.0536812
524288	1	0.133291
524288	1	0.11723
524288	1	0.114527
524288	1	0.200833
524288	1	0.154631
524288	1	0.146787
524288	1	0.134605
524288	1	0.125748
524288	1	0.110958
524288	1	0.112451
524288	1	0.150053
524288	1	0.166901
524288	1	0.134829
524288	1	0.157638
524288	1	0.128902
524288	1	0.124358
524288	1	0.117998
524288	1	0.120382
524288	1	0.118924
524288	1	0.124801
65536	2	0.00639691
65536	2	0.00717498
65536	2	0.0196366
65536	2	0.00986234
65536	2	0.00861373
65536	2	0.00791349
65536	2	0.0069806
65536	2	0.00643371
65536	2	0.0113239
65536	2	0.00676853
65536	2	0.00679995
65536	2	0.0062333
65536	2	0.00685456
65536	2	0.00672785
65536	2	0.00627492
65536	2	0.00764799
65536	2	0.00647732
65536	2	0.0104015
65536	2	0.00833077
65536	2	0.00864345
131072	2	0.0161117
131072	2	0.0155879
131072	2	0.0148254
131072	2	0.0156833
131072	2	0.0145996
131072	2	0.0223422
131072	2	0.0278982
131072	2	0.0233793
131072	2	0.0234038
131072	2	0.0230635
131072	2	0.0252965
131072	2	0.0225343
131072	2	0.0205072
131072	2	0.0170862
131072	2	0.0166423
131072	2	0.0167633
131072	2	0.0149699
131072	2	0.019673
131072	2	0.0214286
131072	2	0.0222833
262144	2	0.0436412
262144	2	0.0439223
262144	2	0.0281693
262144	2	0.0355715
262144	2	0.0454651
262144	2	0.0422845
262144	2	0.0383526
262144	2	0.0406926
262144	2	0.0281195
262144	2	0.0367688
262144	2	0.0436923
262144	2	0.0461296
262144	2	0.0427892
262144	2	0.0361213
262144	2	0.0300223
262144	2	0.0362088
262144	2	0.054413
262144	2	0.0528927
262144	2	0.0389165
262144	2	0.0387866
524288	2	0.112572
524288	2	0.105345
524288	2	0.0953558
524288	2	0.0897034
524288	2	0.0802382
524288	2	0.0727881
524288	2	0.06186
524288	2	0.082668
524288	2	0.0973091
524288	2	0.0624159
524288	2	0.070175
524288	2	0.0599985
524288	2	0.063836
524288	2	0.0604025
524288	2	0.0600416
524288	2	0.0651634
524288	2	0.0860214
524288	2	0.0930284
524288	2	0.0846079
524288	2	0.0965486
65536	3	0.0113879
65536	3	0.00688182
65536	3	0.00981564
65536	3	0.0117266
65536	3	0.0106048
65536	3	0.00820885
65536	3	0.0102079
65536	3	0.0117972
65536	3	0.0191397
65536	3	0.00848169
65536	3	0.00721387
65536	3	0.00693404
65536	3	0.00630751
65536	3	0.00681639
65536	3	0.00688777
65536	3	0.00704524
65536	3	0.00630872
65536	3	0.00811139
65536	3	0.00699943
65536	3	0.00906074
131072	3	0.0151245
131072	3	0.0140933
131072	3	0.0162817
131072	3	0.0152848
131072	3	0.0235712
131072	3	0.0142316
131072	3	0.0149173
131072	3	0.0145719
131072	3	0.0143288
131072	3	0.0148378
131072	3	0.0175186
131072	3	0.0175666
131072	3	0.0154863
131072	3	0.0153064
131072	3	0.0162523
131072	3	0.0164105
131072	3	0.0292583
131072	3	0.0254023
131072	3	0.0285701
131072	3	0.0231346
262144	3	0.049982
262144	3	0.0295479
262144	3	0.0337478
262144	3	0.030906
262144	3	0.0494976
262144	3	0.0488625
262144	3	0.0622492
262144	3	0.0319942
262144	3	0.0317504
262144	3	0.0296866
262144	3	0.0506569
262144	3	0.0475834
262144	3	0.0408343
262144	3	0.03142
262144	3	0.0279207
262144	3	0.0307775
262144	3	0.0423748
262144	3	0.0424826
262144	3	0.0408009
262144	3	0.0308621
524288	3	0.0646706
524288	3	0.103473
524288	3	0.0984959
524288	3	0.0640558
524288	3	0.107204
524288	3	0.0771151
524288	3	0.0712133
524288	3	0.0619225
524288	3	0.0707121
524288	3	0.063627
524288	3	0.064337
524288	3	0.0617277
524288	3	0.0642048
524288	3	0.085797
524288	3	0.0625458
524288	3	0.0613898
524288	3	0.0685464
524288	3	0.152818
524288	3	0.066876
524288	3	0.105738
65536	4	0.0114905
65536	4	0.00957244
65536	4	0.0103129
65536	4	0.0219452
65536	4	0.00902801
65536	4	0.0159732
65536	4	0.00786096
65536	4	0.0192893
65536	4	0.00871368
65536	4	0.0199179
65536	4	0.0192933
65536	4	0.0122335
65536	4	0.0143939
65536	4	0.00788588
65536	4	0.00690004
65536	4	0.0200231
65536	4	0.0194066
65536	4	0.0064401
65536	4	0.00671278
65536	4	0.00740241
131072	4	0.0176185
131072	4	0.0158326
131072	4	0.0157017
131072	4	0.0191619
131072	4	0.0274459
131072	4	0.0279209
131072	4	0.0164279
131072	4	0.0168956
131072	4	0.0146339
131072	4	0.016797
131072	4	0.0155902
131072	4	0.0151024
131072	4	0.0156061
131072	4	0.015806
131072	4	0.015062
131072	4	0.0285826
131072	4	0.0157334
131072	4	0.015513
131072	4	0.0147302
131072	4	0.0156259
262144	4	0.0280164
262144	4	0.0288937
262144	4	0.0286443
262144	4	0.0306207
262144	4	0.0369037
262144	4	0.0296782
262144	4	0.0296863
262144	4	0.0284937
262144	4	0.0296021
262144	4	0.0390534
262144	4	0.0338207
262144	4	0.0321116
262144	4	0.0299389
262144	4	0.0283669
262144	4	0.0280129
262144	4	0.029036
262144	4	0.0309347
262144	4	0.0298414
262144	4	0.0291161
262144	4	0.0286434
524288	4	0.0632392
524288	4	0.0632723
524288	4	0.0669316
524288	4	0.0622661
524288	4	0.0638675
524288	4	0.0593057
524288	4	0.0628598
524288	4	0.075121
524288	4	0.070541
524288	4	0.0611355
524288	4	0.0794534
524288	4	0.0620633
524288	4	0.0686129
524288	4	0.0618753
524288	4	0.0662441
524288	4	0.0659207
524288	4	0.0634694
524288	4	0.0604732
524288	4	0.0682026
524288	4	0.0603324
65536	5	0.00615087
65536	5	0.00685391
65536	5	0.00619311
65536	5	0.00920786
65536	5	0.00679763
65536	5	0.00662207
65536	5	0.00657328
65536	5	0.00684823
65536	5	0.00637402
65536	5	0.00731852
65536	5	0.00684831
65536	5	0.0199875
65536	5	0.00885113
65536	5	0.00679677
65536	5	0.013124
65536	5	0.00970463
65536	5	0.00657041
65536	5	0.00685956
65536	5	0.00700244
65536	5	0.00631796
131072	5	0.0151101
131072	5	0.0293589
131072	5	0.0148077
131072	5	0.0170804
131072	5	0.0153534
131072	5	0.0195792
131072	5	0.0144383
131072	5	0.0228104
131072	5	0.015184
131072	5	0.0147365
131072	5	0.015138
131072	5	0.0249433
131072	5	0.0159327
131072	5	0.0152417
131072	5	0.014793
131072	5	0.0150286
131072	5	0.0174898
131072	5	0.0178248
131072	5	0.0147386
131072	5	0.0145052
262144	5	0.0294899
262144	5	0.0303078
262144	5	0.0282268
262144	5	0.0284465
262144	5	0.029191
262144	5	0.0316749
262144	5	0.0298205
262144	5	0.0304364
262144	5	0.0282798
262144	5	0.0366532
262144	5	0.0321618
262144	5	0.0292125
262144	5	0.0276947
262144	5	0.0296556
262144	5	0.0285372
262144	5	0.0286058
262144	5	0.028241
262144	5	0.0385604
262144	5	0.0361725
262144	5	0.0309869
524288	5	0.0624746
524288	5	0.0647431
524288	5	0.0596962
524288	5	0.0625217
524288	5	0.0615814
524288	5	0.0615369
524288	5	0.0645818
524288	5	0.0725468
524288	5	0.0661768
524288	5	0.0669498
524288	5	0.0652723
524288	5	0.0755358
524288	5	0.0629683
524288	5	0.0659502
524288	5	0.0617607
524288	5	0.06232
524288	5	0.0753558
524288	5	0.0645509
524288	5	0.0610283
524288	5	0.0684356
65536	6	0.00627486
65536	6	0.00653096
65536	6	0.00635926
65536	6	0.00742591
65536	6	0.00625897
65536	6	0.00684287
65536	6	0.00698433
65536	6	0.00627382
65536	6	0.00618227
65536	6	0.00637303
65536	6	0.00633369
65536	6	0.0130337
65536	6	0.00872728
65536	6	0.019262
65536	6	0.00679543
65536	6	0.00652638
65536	6	0.00761878
65536	6	0.00676381
65536	6	0.00689122
65536	6	0.00669378
131072	6	0.0157805
131072	6	0.0241176
131072	6	0.0333593
131072	6	0.0419167
131072	6	0.0203628
131072	6	0.0157338
131072	6	0.0158046
131072	6	0.0160056
131072	6	0.0185166
131072	6	0.0163095
131072	6	0.0148541
131072	6	0.0158939
131072	6	0.0162094
131072	6	0.0161554
131072	6	0.0212905
131072	6	0.0188041
131072	6	0.0168493
131072	6	0.014895
131072	6	0.0161583
131072	6	0.0164279
262144	6	0.0285336
262144	6	0.0299114
262144	6	0.0334541
262144	6	0.0283795
262144	6	0.030591
262144	6	0.0299923
262144	6	0.02832
262144	6	0.0289221
262144	6	0.0297081
262144	6	0.0572795
262144	6	0.0294645
262144	6	0.0425783
262144	6	0.0431865
262144	6	0.0313227
262144	6	0.0466222
262144	6	0.0482002
262144	6	0.0615628
262144	6	0.0405583
262144	6	0.0289885
262144	6	0.0312333
524288	6	0.0740797
524288	6	0.0642111
524288	6	0.0661347
524288	6	0.0630308
524288	6	0.0634579
524288	6	0.0622659
524288	6	0.12011
524288	6	0.110649
524288	6	0.0845751
524288	6	0.108078
524288	6	0.0729111
524288	6	0.0710986
524288	6	0.0662618
524288	6	0.0673273
524288	6	0.0673128
524288	6	0.0694925
524288	6	0.0678495
524288	6	0.0651019
524288	6	0.0615242
524288	6	0.0956677
65536	7	0.00716314
65536	7	0.00666945
65536	7	0.00655934
65536	7	0.00773945
65536	7	0.00731678
65536	7	0.00629354
65536	7	0.00689415
65536	7	0.00702111
65536	7	0.00723682
65536	7	0.00636707
65536	7	0.00976412
65536	7	0.00734899
65536	7	0.00800559
65536	7	0.00668412
65536	7	0.00704562
65536	7	0.00672947
65536	7	0.00712197
65536	7	0.0076832
65536	7	0.00749598
65536	7	0.00649848
131072	7	0.015333
131072	7	0.01589
131072	7	0.0148791
131072	7	0.0147197
131072	7	0.0149043
131072	7	0.0150947
131072	7	0.0158339
131072	7	0.0156824
131072	7	0.0178062
131072	7	0.0197124
131072	7	0.0142705
131072	7	0.0154211
131072	7	0.0157773
131072	7	0.0149886
131072	7	0.0165156
131072	7	0.0160515
131072	7	0.014829
131072	7	0.0213802
131072	7	0.0204901
131072	7	0.0154935
262144	7	0.0289656
262144	7	0.0298891
262144	7	0.0299001
262144	7	0.0299425
262144	7	0.0339445
262144	7	0.0303459
262144	7	0.0393327
262144	7	0.0335755
262144	7	0.0333666
262144	7	0.030503
262144	7	0.0334637
262144	7	0.0296118
262144	7	0.0363793
262144	7	0.0599073
262144	7	0.05231
262144	7	0.0706708
262144	7	0.0680646
262144	7	0.0431143
262144	7	0.0530913
262144	7	0.0658465
524288	7	0.117974
524288	7	0.105229
524288	7	0.106236
524288	7	0.14869
524288	7	0.121995
524288	7	0.135703
524288	7	0.146657
524288	7	0.0884496
524288	7	0.103631
524288	7	0.108837
524288	7	0.109414
524288	7	0.0870329
524288	7	0.100779
524288	7	0.105646
524288	7	0.0792431
524288	7	0.0854029
524288	7	0.0831638
524288	7	0.0623285
524288	7	0.063636
524288	7	0.102257
65536	8	0.0128298
65536	8	0.0117759
65536	8	0.0121711
65536	8	0.0115898
65536	8	0.0208732
65536	8	0.0169249
65536	8	0.0135184
65536	8	0.0085354
65536	8	0.00832729
65536	8	0.00676114
65536	8	0.00684398
65536	8	0.00668593
65536	8	0.00665745
65536	8	0.0119184
65536	8	0.00768259
65536	8	0.0110588
65536	8	0.00853557
65536	8	0.00807744
65536	8	0.00708562
65536	8	0.00640742
131072	8	0.0152181
131072	8	0.0150821
131072	8	0.0194899
131072	8	0.0165446
131072	8	0.0153257
131072	8	0.015062
131072	8	0.0218102
131072	8	0.0160608
131072	8	0.0172796
131072	8	0.015434
131072	8	0.0157982
131072	8	0.0159668
131072	8	0.017993
131072	8	0.0161219
131072	8	0.0153247
131072	8	0.0153143
131072	8	0.0158339
131072	8	0.0155783
131072	8	0.0182001
131072	8	0.0154869
262144	8	0.0288978
262144	8	0.0296534
262144	8	0.0424604
262144	8	0.0286485
262144	8	0.0290618
262144	8	0.0300613
262144	8	0.0445657
262144	8	0.0297475
262144	8	0.0309121
262144	8	0.0309004
262144	8	0.0291127
262144	8	0.0297043
262144	8	0.0335712
262144	8	0.0298342
262144	8	0.0316375
262144	8	0.0296862
262144	8	0.0286338
262144	8	0.0305522
262144	8	0.030189
262144	8	0.0406603
524288	8	0.0641308
524288	8	0.0638317
524288	8	0.0624252
524288	8	0.0638351
524288	8	0.0633083
524288	8	0.0638709
524288	8	0.063999
524288	8	0.0661112
524288	8	0.0776369
524288	8	0.0652198
524288	8	0.0771208
524288	8	0.0624009
524288	8	0.0618929
524288	8	0.0676223
524288	8	0.0767843
524288	8	0.108617
524288	8	0.0821816
524288	8	0.0664673
524288	8	0.064613
524288	8	0.130672
262144	1	0.0604248
262144	1	0.0447536
262144	1	0.0446009
262144	1	0.0465485
262144	1	0.0451776
262144	1	0.0490707
262144	1	0.0460106
262144	1	0.0549569
262144	1	0.0511086
262144	1	0.0497084
262144	1	0.0444187
262144	1	0.0481581
262144	1	0.0440604
262144	1	0.0482169
262144	1	0.0460259
262144	1	0.0453561
262144	1	0.0442856
262144	1	0.0453626
262144	1	0.0441901
262144	1	0.0484939
262144	1	0.0446732
262144	1	0.0500313
262144	1	0.0449356
262144	1	0.0494336
262144	1	0.0455231
262144	1	0.0458476
262144	1	0.0481003
262144	1	0.0459055
262144	1	0.0448788
262144	1	0.0460999
262144	1	0.0459291
262144	1	0.0483025
262144	1	0.0465295
262144	1	0.0486502
262144	1	0.0496493
262144	1	0.0459578
262144	1	0.0457191
262144	1	0.0467868
262144	1	0.0458685
262144	1	0.0481672
262144	1	0.0469912
262144	1	0.0493737
262144	1	0.0477482
262144	1	0.0449207
262144	1	0.0448766
262144	1	0.0644927
262144	1	0.0502045
262144	1	0.0451268
262144	1	0.0475645
262144	1	0.0514991
262144	1	0.0493551
262144	1	0.0460152
262144	1	0.0460299
262144	1	0.0454432
262144	1	0.0445997
262144	1	0.0460003
262144	1	0.0441787
262144	1	0.0453259
262144	1	0.0487714
262144	1	0.0453125
262144	1	0.044393
262144	1	0.0475189
262144	1	0.0461235
262144	1	0.0522079
262144	1	0.048785
262144	1	0.0456596
262144	1	0.0451107
262144	1	0.0508974
262144	1	0.0456373
262144	1	0.0484805
262144	1	0.0451451
262144	1	0.045995
262144	1	0.0457543
262144	1	0.0494307
262144	1	0.0457422
262144	1	0.0450747
262144	1	0.0482169
262144	1	0.0465267
262144	1	0.0445265
262144	1	0.0480347
262144	1	0.0450279
262144	1	0.0460523
262144	1	0.0508626
262144	1	0.0460232
262144	1	0.0445979
262144	1	0.0460824
262144	1	0.0457158
262144	1	0.0495884
262144	1	0.0463792
262144	1	0.0457825
262144	1	0.0478826
262144	1	0.048484
262144	1	0.0476669
262144	1	0.0458435
262144	1	0.0473037
262144	1	0.0490873
262144	1	0.0456953
262144	1	0.0469223
262144	1	0.0455949
262144	1	0.0487885
524288	1	0.125143
524288	1	0.12048
524288	1	0.115159
524288	1	0.120718
524288	1	0.113513
524288	1	0.122954
524288	1	0.116486
524288	1	0.120862
524288	1	0.114146
524288	1	0.117731
524288	1	0.117164
524288	1	0.111837
524288	1	0.11838
524288	1	0.118473
524288	1	0.118273
524288	1	0.118405
524288	1	0.118057
524288	1	0.118568
524288	1	0.117102
524288	1	0.117008
524288	1	0.114773
524288	1	0.116221
524288	1	0.113356
524288	1	0.119423
524288	1	0.118023
524288	1	0.112802
524288	1	0.114589
524288	1	0.11022
524288	1	0.115848
524288	1	0.114047
524288	1	0.118008
524288	1	0.116609
524288	1	0.117431
524288	1	0.115552
524288	1	0.112877
524288	1	0.114133
524288	1	0.120293
524288	1	0.11409
524288	1	0.123229
524288	1	0.111331
524288	1	0.118661
524288	1	0.113022
524288	1	0.116006
524288	1	0.112305
524288	1	0.119103
524288	1	0.111568
524288	1	0.117056
524288	1	0.112705
524288	1	0.110186
524288	1	0.115665
524288	1	0.11505
524288	1	0.114832
524288	1	0.116515
524288	1	0.113717
524288	1	0.117468
524288	1	0.116502
524288	1	0.116581
524288	1	0.114313
524288	1	0.114111
524288	1	0.118327
524288	1	0.114919
524288	1	0.11645
524288	1	0.117505
524288	1	0.118614
524288	1	0.111861
524288	1	0.115771
524288	1	0.111361
524288	1	0.118302
524288	1	0.116454
524288	1	0.12246
524288	1	0.114125
524288	1	0.122016
524288	1	0.115139
524288	1	0.117121
524288	1	0.114637
524288	1	0.118996
524288	1	0.116879
524288	1	0.117751
524288	1	0.112917
524288	1	0.117164
524288	1	0.114244
524288	1	0.11575
524288	1	0.114112
524288	1	0.115973
524288	1	0.115696
524288	1	0.119109
524288	1	0.117762
524288	1	0.113512
524288	1	0.115884
524288	1	0.113248
524288	1	0.119052
524288	1	0.113294
524288	1	0.114288
524288	1	0.110543
524288	1	0.120622
524288	1	0.117206
524288	1	0.117976
524288	1	0.116783
524288	1	0.119753
524288	1	0.116319
262144	2	0.0280586
262144	2	0.0298181
262144	2	0.029552
262144	2	0.037551
262144	2	0.0284257
262144	2	0.0292188
262144	2	0.0294881
262144	2	0.0386353
262144	2	0.0321621
262144	2	0.0277855
262144	2	0.0272604
262144	2	0.0274199
262144	2	0.0304559
262144	2	0.0301637
262144	2	0.0326839
262144	2	0.030162
262144	2	0.0305044
262144	2	0.0305306
262144	2	0.0310284
262144	2	0.0301954
262144	2	0.0303436
262144	2	0.0304061
262144	2	0.0306259
262144	2	0.0308861
262144	2	0.027198
262144	2	0.0380242
262144	2	0.0317606
262144	2	0.0321616
262144	2	0.0341799
262144	2	0.0336343
262144	2	0.0306121
262144	2	0.0297247
262144	2	0.0294254
262144	2	0.029483
262144	2	0.0289418
262144	2	0.0287007
262144	2	0.0296897
262144	2	0.0299121
262144	2	0.0289409
262144	2	0.0286045
262144	2	0.0291434
262144	2	0.0309035
262144	2	0.0299244
262144	2	0.0283955
262144	2	0.0286373
262144	2	0.027737
262144	2	0.0284052
262144	2	0.029032
262144	2	0.0300431
262144	2	0.0279553
262144	2	0.0290131
262144	2	0.0326358
262144	2	0.0364353
262144	2	0.0306874
262144	2	0.029029
262144	2	0.0279334
262144	2	0.0293982
262144	2	0.0281574
262144	2	0.0279511
262144	2	0.0299084
262144	2	0.0299475
262144	2	0.0291447
262144	2	0.0306916
262144	2	0.0312574
262144	2	0.0290439
262144	2	0.0300926
262144	2	0.0277611
262144	2	0.0282645
262144	2	0.028271
262144	2	0.029606
262144	2	0.0287574
262144	2	0.0305017
262144	2	0.0293303
262144	2	0.0289833
262144	2	0.0294512
262144	2	0.0290239
262144	2	0.0292873
262144	2	0.0305012
262144	2	0.0310857
262144	2	0.0291477
262144	2	0.0310974
262144	2	0.0314277
262144	2	0.0307956
262144	2	0.0292538
262144	2	0.0305565
262144	2	0.0287643
262144	2	0.0389178
262144	2	0.0292008
262144	2	0.0277158
262144	2	0.0301886
262144	2	0.0271126
262144	2	0.0281143
262144	2	0.0298113
262144	2	0.0304265
262144	2	0.0302279
262144	2	0.0288423
262144	2	0.0295365
262144	2	0.0286671
262144	2	0.0289777
262144	2	0.0305854
524288	2	0.0663281
524288	2	0.0625391
524288	2	0.0642931
524288	2	0.0833369
524288	2	0.0626842
524288	2	0.0618772
524288	2	0.0629427
524288	2	0.0609327
524288	2	0.0627805
524288	2	0.0608882
524288	2	0.0630799
524288	2	0.0608046
524288	2	0.0643332
524288	2	0.0643446
524288	2	0.0644124
524288	2	0.0609297
524288	2	0.0636471
524288	2	0.0685904
524288	2	0.0709714
524288	2	0.063808
524288	2	0.0647706
524288	2	0.0628955
524288	2	0.0624161
524288	2	0.0616841
524288	2	0.0615167
524288	2	0.0616655
524288	2	0.0658251
524288	2	0.0622984
524288	2	0.0671867
524288	2	0.0626694
524288	2	0.0624721
524288	2	0.0628566
524288	2	0.063352
524288	2	0.0608006
524288	2	0.0626344
524288	2	0.0622753
524288	2	0.0633169
524288	2	0.0603736
524288	2	0.0633791
524288	2	0.0633936
524288	2	0.0660909
524288	2	0.0642488
524288	2	0.0643749
524288	2	0.0691823
524288	2	0.0650475
524288	2	0.0636721
524288	2	0.0638462
524288	2	0.072874
524288	2	0.0667204
524288	2	0.0758511
524288	2	0.0768239
524288	2	0.0629275
524288	2	0.0662428
524288	2	0.0628961
524288	2	0.0638897
524288	2	0.0635422
524288	2	0.0642379
524288	2	0.0622123
524288	2	0.0640862
524288	2	0.0630624
524288	2	0.0663931
524288	2	0.0611393
524288	2	0.0645073
524288	2	0.0634385
524288	2	0.0642446
524288	2	0.0640096
524288	2	0.065207
524288	2	0.0633949
524288	2	0.0650163
524288	2	0.0611333
524288	2	0.0654878
524288	2	0.0634139
524288	2	0.0622859
524288	2	0.0636172
524288	2	0.06539
524288	2	0.0618717
524288	2	0.0656897
524288	2	0.0673784
524288	2	0.0701487
524288	2	0.065261
524288	2	0.0671356
524288	2	0.067174
524288	2	0.0718522
524288	2	0.064487
524288	2	0.0642892
524288	2	0.062433
524288	2	0.0646608
524288	2	0.0621986
524288	2	0.0715009
524288	2	0.0642749
524288	2	0.0665408
524288	2	0.0616931
524288	2	0.0638602
524288	2	0.069807
524288	2	0.0636958
524288	2	0.0631186
524288	2	0.0662191
524288	2	0.0611253
524288	2	0.0658324
524288	2	0.0617698
262144	3	0.0301565
262144	3	0.0290786
262144	3	0.0320074
262144	3	0.0298533
262144	3	0.0320748
262144	3	0.0318544
262144	3	0.0301353
262144	3	0.0306478
262144	3	0.0290947
262144	3	0.0309035
262144	3	0.0307235
262144	3	0.0311384
262144	3	0.0337141
262144	3	0.0305376
262144	3	0.0309198
262144	3	0.0308593
262144	3	0.030465
262144	3	0.0299014
262144	3	0.0334707
262144	3	0.0343257
262144	3	0.0295329
262144	3	0.0311208
262144	3	0.0303003
262144	3	0.0283379
262144	3	0.0309333
262144	3	0.0301371
262144	3	0.0294314
262144	3	0.0301322
262144	3	0.0342387
262144	3	0.0315988
262144	3	0.0300807
262144	3	0.0304804
262144	3	0.0286216
262144	3	0.0290266
262144	3	0.029407
262144	3	0.0293911
262144	3	0.031087
262144	3	0.0302394
262144	3	0.0316652
262144	3	0.0363525
262144	3	0.0292812
262144	3	0.0293682
262144	3	0.0318002
262144	3	0.0400886
262144	3	0.0319364
262144	3	0.033189
262144	3	0.0310882
262144	3	0.0286226
262144	3	0.0300385
262144	3	0.036818
262144	3	0.0413133
262144	3	0.0531149
262144	3	0.0280599
262144	3	0.0300582
262144	3	0.0308237
262144	3	0.0290814
262144	3	0.031731
262144	3	0.0314503
262144	3	0.0303128
262144	3	0.0308049
262144	3	0.0309242
262144	3	0.0299176
262144	3	0.0405125
262144	3	0.0395429
262144	3	0.0285259
262144	3	0.0287556
262144	3	0.0329055
262144	3	0.0318376
262144	3	0.0331961
262144	3	0.0316449
262144	3	0.0312538
262144	3	0.0291963
262144	3	0.0298405
262144	3	0.0310305
262144	3	0.0296208
262144	3	0.032732
262144	3	0.0326877
262144	3	0.0324339
262144	3	0.0409411
262144	3	0.0297938
262144	3	0.0286127
262144	3	0.0320922
262144	3	0.0302997
262144	3	0.0303753
262144	3	0.0308496
262144	3	0.0310311
262144	3	0.0315048
262144	3	0.0312271
262144	3	0.0346098
262144	3	0.0292048
262144	3	0.0300052
262144	3	0.0294518
262144	3	0.0420496
262144	3	0.0314994
262144	3	0.041315
262144	3	0.0284905
262144	3	0.0321878
262144	3	0.0314333
262144	3	0.0304418
262144	3	0.0295941
524288	3	0.0669748
524288	3	0.063466
524288	3	0.0607285
524288	3	0.067964
524288	3	0.062984
524288	3	0.0644322
524288	3	0.0674449
524288	3	0.0694834
524288	3	0.0613751
524288	3	0.076336
524288	3	0.062116
524288	3	0.0610711
524288	3	0.0735274
524288	3	0.0628036
524288	3	0.0612917
524288	3	0.0639451
524288	3	0.065807
524288	3	0.0664352
524288	3	0.0619069
524288	3	0.0665635
524288	3	0.0628612
524288	3	0.0651954
524288	3	0.070093
524288	3	0.0634653
524288	3	0.0634118
524288	3	0.0666919
524288	3	0.0623947
524288	3	0.0653778
524288	3	0.0657696
524288	3	0.066124
524288	3	0.0630536
524288	3	0.0650497
524288	3	0.0638602
524288	3	0.071244
524288	3	0.0656729
524288	3	0.0695978
524288	3	0.0641219
524288	3	0.0662424
524288	3	0.0623376
524288	3	0.0646642
524288	3	0.0647185
524288	3	0.0671079
524288	3	0.0646549
524288	3	0.0705229
524288	3	0.0698329
524288	3	0.0750651
524288	3	0.0634155
524288	3	0.076285
524288	3	0.064947
524288	3	0.06913
524288	3	0.065002
524288	3	0.0668057
524288	3	0.0947818
524288	3	0.066507
524288	3	0.0698636
524288	3	0.0836198
524288	3	0.065554
524288	3	0.0631997
524288	3	0.0695002
524288	3	0.0653157
524288	3	0.0682193
524288	3	0.0887745
524288	3	0.0626117
524288	3	0.0653917
524288	3	0.0698018
524288	3	0.0714279
524288	3	0.067959
524288	3	0.0677799
524288	3	0.0628087
524288	3	0.0730733
524288	3	0.0933652
524288	3	0.0674229
524288	3	0.0664404
524288	3	0.0657772
524288	3	0.0656555
524288	3	0.068706
524288	3	0.0731452
524288	3	0.0621226
524288	3	0.0653892
524288	3	0.0657575
524288	3	0.065037
524288	3	0.0739036
524288	3	0.0668195
524288	3	0.0642818
524288	3	0.0671773
524288	3	0.0640351
524288	3	0.0695472
524288	3	0.0794925
524288	3	0.116368
524288	3	0.0810942
524288	3	0.074277
524288	3	0.0805275
524288	3	0.0783056
524288	3	0.080794
524288	3	0.0900929
524288	3	0.0669593
524288	3	0.0815284
524288	3	0.0645192
524288	3	0.0680538
524288	3	0.0788693
262144	4	0.0396201
262144	4	0.0306747
262144	4	0.031031
262144	4	0.0352201
262144	4	0.0302233
262144	4	0.030214
262144	4	0.0344724
262144	4	0.032657
262144	4	0.0313858
262144	4	0.0382759
262144	4	0.0453538
262144	4	0.0334736
262144	4	0.0360951
262144	4	0.0327467
262144	4	0.031061
262144	4	0.036706
262144	4	0.0321892
262144	4	0.0312271
262144	4	0.0452456
262144	4	0.0314592
262144	4	0.030107
262144	4	0.033338
262144	4	0.0322063
262144	4	0.0294332
262144	4	0.0309464
262144	4	0.0302622
262144	4	0.0310349
262144	4	0.0407185
262144	4	0.0749955
262144	4	0.038751
262144	4	0.0300585
262144	4	0.0310811
262144	4	0.034799
262144	4	0.0358995
262144	4	0.0589251
262144	4	0.0477871
262144	4	0.0360966
262144	4	0.044072
262144	4	0.0385783
262144	4	0.0522031
262144	4	0.0513144
262144	4	0.0516434
262144	4	0.0373459
262144	4	0.0332228
262144	4	0.0400794
262144	4	0.0412757
262144	4	0.0360216
262144	4	0.047514
262144	4	0.0348048
262144	4	0.0380027
262144	4	0.052338
262144	4	0.034021
262144	4	0.0324961
262144	4	0.0396783
262144	4	0.089345
262144	4	0.0387391
262144	4	0.0464423
262144	4	0.0548381
262144	4	0.0376664
262144	4	0.0518293
262144	4	0.0517134
262144	4	0.0352572
262144	4	0.0393994
262144	4	0.0314364
262144	4	0.0322343
262144	4	0.0316354
262144	4	0.0326796
262144	4	0.0351908
262144	4	0.0297183
262144	4	0.0337839
262144	4	0.0956235
262144	4	0.0434565
262144	4	0.0305251
262144	4	0.0340501
262144	4	0.0386559
262144	4	0.0359818
262144	4	0.0392062
262144	4	0.0322273
262144	4	0.0312064
262144	4	0.035537
262144	4	0.0459314
262144	4	0.031882
262144	4	0.0377037
262144	4	0.0364324
262144	4	0.0298862
262144	4	0.0652405
262144	4	0.0358011
262144	4	0.0534431
262144	4	0.0455522
262144	4	0.0380733
262144	4	0.0528344
262144	4	0.119625
262144	4	0.0696317
262144	4	0.0523974
262144	4	0.0412084
262144	4	0.0329923
262144	4	0.0474227
262144	4	0.0296485
262144	4	0.0321587
262144	4	0.0326822
524288	4	0.0816348
524288	4	0.0655608
524288	4	0.0795721
524288	4	0.0815489
524288	4	0.0731877
524288	4	0.06782
524288	4	0.0730868
524288	4	0.0850542
524288	4	0.0774044
524288	4	0.084565
524288	4	0.0756175
524288	4	0.0781674
524288	4	0.0707252
524288	4	0.0744601
524288	4	0.0675141
524288	4	0.0690372
524288	4	0.0683305
524288	4	0.0656717
524288	4	0.0653924
524288	4	0.0661412
524288	4	0.0670078
524288	4	0.0655477
524288	4	0.0662614
524288	4	0.066167
524288	4	0.075211
524288	4	0.0740023
524288	4	0.0653196
524288	4	0.0654724
524288	4	0.0652755
524288	4	0.0682601
524288	4	0.0654889
524288	4	0.0688388
524288	4	0.0653124
524288	4	0.0654462
524288	4	0.0674269
524288	4	0.0659216
524288	4	0.0641837
524288	4	0.0722813
524288	4	0.068181
524288	4	0.070375
524288	4	0.0698193
524288	4	0.0726346
524288	4	0.0641465
524288	4	0.0674933
524288	4	0.0690414
524288	4	0.0696048
524288	4	0.066389
524288	4	0.0681904
524288	4	0.0670009
524288	4	0.0699676
524288	4	0.10579
524288	4	0.117413
524288	4	0.14041
524288	4	0.0910104
524288	4	0.081522
524288	4	0.0768008
524288	4	0.0741974
524288	4	0.0762066
524288	4	0.0748473
524288	4	0.0719962
524288	4	0.0684671
524288	4	0.0806406
524288	4	0.0864548
524288	4	0.0666521
524288	4	0.0652782
524288	4	0.0700939
524288	4	0.0701052
524288	4	0.0670513
524288	4	0.0683149
524288	4	0.065273
524288	4	0.10798
524288	4	0.0715413
524288	4	0.0680411
524288	4	0.0731653
524288	4	0.0697413
524288	4	0.069587
524288	4	0.0689085
524288	4	0.0713763
524288	4	0.0703003
524288	4	0.0766125
524288	4	0.0665747
524288	4	0.0713218
524288	4	0.0674716
524288	4	0.0741764
524288	4	0.0721428
524288	4	0.0714285
524288	4	0.0699614
524288	4	0.0687262
524288	4	0.0681377
524288	4	0.0700641
524288	4	0.0658081
524288	4	0.0692729
524288	4	0.0666397
524288	4	0.065771
524288	4	0.0778147
524288	4	0.0683354
524288	4	0.111662
524288	4	0.0766979
524288	4	0.131783
524288	4	0.122454
262144	5	0.0322608
262144	5	0.0408288
262144	5	0.0367559
262144	5	0.0346445
262144	5	0.0306944
262144	5	0.0316076
262144	5	0.037726
262144	5	0.0342521
262144	5	0.0641123
262144	5	0.0336922
262144	5	0.0348167
262144	5	0.0340701
262144	5	0.0418989
262144	5	0.0349982
262144	5	0.035727
262144	5	0.0331199
262144	5	0.0326703
262144	5	0.0326552
262144	5	0.0411971
262144	5	0.0322114
262144	5	0.0409141
262144	5	0.0310532
262144	5	0.0322847
262144	5	0.0331921
262144	5	0.0325635
262144	5	0.0282795
262144	5	0.0338534
262144	5	0.0324734
262144	5	0.0309292
262144	5	0.0300226
262144	5	0.0325488
262144	5	0.0335161
262144	5	0.0332798
262144	5	0.0341534
262144	5	0.0318667
262144	5	0.0302556
262144	5	0.0337213
262144	5	0.0326332
262144	5	0.0330537
262144	5	0.0323269
262144	5	0.0336018
262144	5	0.0326366
262144	5	0.0321604
262144	5	0.0340851
262144	5	0.0347752
262144	5	0.0333037
262144	5	0.0336889
262144	5	0.0311749
262144	5	0.0332186
262144	5	0.0313101
262144	5	0.0366085
262144	5	0.0304894
262144	5	0.0346081
262144	5	0.0401126
262144	5	0.0361661
262144	5	0.0307278
262144	5	0.0329158
262144	5	0.0331868
262144	5	0.0351003
262144	5	0.0318754
262144	5	0.031809
262144	5	0.0336775
262144	5	0.0324358
262144	5	0.0329841
262144	5	0.0315869
262144	5	0.0312004
262144	5	0.029724
262144	5	0.0331686
262144	5	0.0286575
262144	5	0.0375078
262144	5	0.0315259
262144	5	0.0303085
262144	5	0.0302758
262144	5	0.0301656
262144	5	0.0320763
262144	5	0.0292731
262144	5	0.0320525
262144	5	0.0320905
262144	5	0.0341487
262144	5	0.0323788
262144	5	0.0316172
262144	5	0.0314663
262144	5	0.0317133
262144	5	0.0314174
262144	5	0.0325762
262144	5	0.0316201
262144	5	0.0314235
262144	5	0.0320012
262144	5	0.0322753
262144	5	0.0294766
262144	5	0.0314598
262144	5	0.036198
262144	5	0.0345338
262144	5	0.0350815
262144	5	0.0337394
262144	5	0.0320804
262144	5	0.0283429
262144	5	0.0307498
262144	5	0.0421415
262144	5	0.0341445
524288	5	0.0670876
524288	5	0.0667944
524288	5	0.0644666
524288	5	0.067021
524288	5	0.0661109
524288	5	0.0687589
524288	5	0.0671833
524288	5	0.0655938
524288	5	0.0641759
524288	5	0.0650896
524288	5	0.0665595
524288	5	0.0678523
524288	5	0.0695177
524288	5	0.0704335
524288	5	0.0680188
524288	5	0.0663677
524288	5	0.0662665
524288	5	0.0698037
524288	5	0.0644152
524288	5	0.0662157
524288	5	0.0652449
524288	5	0.0676337
524288	5	0.0643967
524288	5	0.0752496
524288	5	0.0664371
524288	5	0.103206
524288	5	0.0659815
524288	5	0.0647602
524288	5	0.0650686
524288	5	0.0662695
524288	5	0.0702763
524288	5	0.0681652
524288	5	0.0663025
524288	5	0.0659511
524288	5	0.0693893
524288	5	0.0650392
524288	5	0.0793108
524288	5	0.0716055
524288	5	0.0682089
524288	5	0.0645015
524288	5	0.066097
524288	5	0.0674354
524288	5	0.0688257
524288	5	0.0706822
524288	5	0.0656843
524288	5	0.0665533
524288	5	0.0666499
524288	5	0.0774129
524288	5	0.0680265
524288	5	0.0715249
524288	5	0.066951
524288	5	0.0640947
524288	5	0.0677337
524288	5	0.0649059
524288	5	0.0675063
524288	5	0.0674261
524288	5	0.0678676
524288	5	0.067393
524288	5	0.068203
524288	5	0.0678563
524288	5	0.0668838
524288	5	0.0704617
524288	5	0.0642893
524288	5	0.0647913
524288	5	0.0660579
524288	5	0.0682215
524288	5	0.0661079
524288	5	0.066336
524288	5	0.0646034
524288	5	0.0652732
524288	5	0.0686122
524288	5	0.0668889
524288	5	0.0652541
524288	5	0.0688613
524288	5	0.0668406
524288	5	0.0664304
524288	5	0.0651407
524288	5	0.0657749
524288	5	0.0667914
524288	5	0.0682746
524288	5	0.0768196
524288	5	0.0651043
524288	5	0.0663148
524288	5	0.0690489
524288	5	0.0665354
524288	5	0.0659235
524288	5	0.0675434
524288	5	0.0671058
524288	5	0.0663815
524288	5	0.0699243
524288	5	0.0648576
524288	5	0.06475
524288	5	0.0651044
524288	5	0.0794089
524288	5	0.0645338
524288	5	0.0667495
524288	5	0.0676593
524288	5	0.0893441
524288	5	0.0821552
524288	5	0.0661594
262144	6	0.0317052
262144	6	0.0298841
262144	6	0.0327511
262144	6	0.0323694
262144	6	0.0315397
262144	6	0.0301925
262144	6	0.0318873
262144	6	0.0411853
262144	6	0.0291661
262144	6	0.0299779
262144	6	0.0338271
262144	6	0.0335948
262144	6	0.0341251
262144	6	0.0341955
262144	6	0.0334821
262144	6	0.0337048
262144	6	0.0317158
262144	6	0.0299422
262144	6	0.0299656
262144	6	0.0297312
262144	6	0.0329766
262144	6	0.0301655
262144	6	0.0437423
262144	6	0.0308953
262144	6	0.0309379
262144	6	0.0310712
262144	6	0.0310874
262144	6	0.0303908
262144	6	0.0307469
262144	6	0.0405493
262144	6	0.0326136
262144	6	0.0323765
262144	6	0.0314545
262144	6	0.0323895
262144	6	0.0324699
262144	6	0.0409281
262144	6	0.0290107
262144	6	0.0302185
262144	6	0.0296665
262144	6	0.0428009
262144	6	0.0415701
262144	6	0.0324137
262144	6	0.0301825
262144	6	0.0386947
262144	6	0.0383741
262144	6	0.034156
262144	6	0.0345097
262144	6	0.0315701
262144	6	0.0425951
262144	6	0.030385
262144	6	0.0310395
262144	6	0.0393003
262144	6	0.0315226
262144	6	0.0305159
262144	6	0.0310576
262144	6	0.0312303
262144	6	0.0292223
262144	6	0.0510359
262144	6	0.0306285
262144	6	0.0326026
262144	6	0.031529
262144	6	0.0317378
262144	6	0.0313346
262144	6	0.0323342
262144	6	0.041119
262144	6	0.0292604
262144	6	0.0437194
262144	6	0.0307914
262144	6	0.0313094
262144	6	0.0375847
262144	6	0.0309329
262144	6	0.0338793
262144	6	0.0295578
262144	6	0.0299368
262144	6	0.0310584
262144	6	0.0310151
262144	6	0.0319737
262144	6	0.0315414
262144	6	0.0331291
262144	6	0.031725
262144	6	0.030916
262144	6	0.0310757
262144	6	0.0303706
262144	6	0.0322785
262144	6	0.0336523
262144	6	0.0323882
262144	6	0.0324862
262144	6	0.0321923
262144	6	0.0329232
262144	6	0.0292624
262144	6	0.0292571
262144	6	0.032817
262144	6	0.032335
262144	6	0.0352307
262144	6	0.0307449
262144	6	0.0304783
262144	6	0.0309789
262144	6	0.0307529
262144	6	0.0317297
262144	6	0.0315473
524288	6	0.068819
524288	6	0.0775988
524288	6	0.0645088
524288	6	0.0657001
524288	6	0.0664139
524288	6	0.0667807
524288	6	0.067326
524288	6	0.0643214
524288	6	0.0686658
524288	6	0.069131
524288	6	0.064609
524288	6	0.0655704
524288	6	0.0659269
524288	6	0.065524
524288	6	0.0774358
524288	6	0.0790816
524288	6	0.0657333
524288	6	0.0648144
524288	6	0.0678078
524288	6	0.0655018
524288	6	0.0687543
524288	6	0.070699
524288	6	0.0677175
524288	6	0.0701167
524288	6	0.063169
524288	6	0.0690861
524288	6	0.0646822
524288	6	0.0652454
524288	6	0.0801608
524288	6	0.0660666
524288	6	0.0667254
524288	6	0.0682984
524288	6	0.0664178
524288	6	0.0637837
524288	6	0.0669758
524288	6	0.0663051
524288	6	0.0652528
524288	6	0.0730703
524288	6	0.0656108
524288	6	0.0649329
524288	6	0.0654418
524288	6	0.0689916
524288	6	0.0642394
524288	6	0.0675582
524288	6	0.0683904
524288	6	0.0693472
524288	6	0.064747
524288	6	0.0655663
524288	6	0.065342
524288	6	0.0689786
524288	6	0.0681394
524288	6	0.0672517
524288	6	0.0646109
524288	6	0.0673391
524288	6	0.0695026
524288	6	0.0670584
524288	6	0.0672309
524288	6	0.0662575
524288	6	0.0665699
524288	6	0.0661254
524288	6	0.0679926
524288	6	0.0652497
524288	6	0.0687101
524288	6	0.0654146
524288	6	0.0636698
524288	6	0.0690189
524288	6	0.065448
524288	6	0.0650214
524288	6	0.0638293
524288	6	0.0666982
524288	6	0.0674615
524288	6	0.066078
524288	6	0.0660037
524288	6	0.0671028
524288	6	0.0656789
524288	6	0.0643565
524288	6	0.0650757
524288	6	0.0670689
524288	6	0.0649987
524288	6	0.0683887
524288	6	0.0653966
524288	6	0.0658794
524288	6	0.0743645
524288	6	0.0665244
524288	6	0.063941
524288	6	0.0647084
524288	6	0.0673332
524288	6	0.0668695
524288	6	0.0675518
524288	6	0.0654801
524288	6	0.0636846
524288	6	0.0646714
524288	6	0.0650197
524288	6	0.0645127
524288	6	0.0667092
524288	6	0.0641867
524288	6	0.0678852
524288	6	0.064735
524288	6	0.0666696
524288	6	0.065654
262144	7	0.0409887
262144	7	0.0300509
262144	7	0.0300564
262144	7	0.0311606
262144	7	0.033814
262144	7	0.0306887
262144	7	0.0303311
262144	7	0.037103
262144	7	0.0326003
262144	7	0.032653
262144	7	0.0328896
262144	7	0.0325416
262144	7	0.0290622
262144	7	0.0345482
262144	7	0.0338273
262144	7	0.0334194
262144	7	0.0334554
262144	7	0.0338228
262144	7	0.0419245
262144	7	0.0284021
262144	7	0.0305103
262144	7	0.0307965
262144	7	0.0308765
262144	7	0.0315485
262144	7	0.0319437
262144	7	0.0313931
262144	7	0.0314536
262144	7	0.0319994
262144	7	0.0320423
262144	7	0.0307286
262144	7	0.0324458
262144	7	0.031312
262144	7	0.0386774
262144	7	0.0338504
262144	7	0.0350161
262144	7	0.0369714
262144	7	0.0488076
262144	7	0.0366921
262144	7	0.0326181
262144	7	0.0309361
262144	7	0.0306036
262144	7	0.0311111
262144	7	0.0321686
262144	7	0.0306666
262144	7	0.0314889
262144	7	0.030976
262144	7	0.0304297
262144	7	0.0328775
262144	7	0.0326072
262144	7	0.0326604
262144	7	0.0313076
262144	7	0.0305822
262144	7	0.0322289
262144	7	0.0307721
262144	7	0.0310159
262144	7	0.0309723
262144	7	0.0317551
262144	7	0.0318564
262144	7	0.0325251
262144	7	0.0314872
262144	7	0.0314958
262144	7	0.0317721
262144	7	0.0329981
262144	7	0.0327367
262144	7	0.0318939
262144	7	0.0293833
262144	7	0.034254
262144	7	0.030164
262144	7	0.029925
262144	7	0.0304138
262144	7	0.0315039
262144	7	0.0313378
262144	7	0.0326233
262144	7	0.0319901
262144	7	0.0323414
262144	7	0.0316402
262144	7	0.0315305
262144	7	0.0314096
262144	7	0.0326885
262144	7	0.0322722
262144	7	0.0320591
262144	7	0.0321383
262144	7	0.0322088
262144	7	0.0316164
262144	7	0.0326475
262144	7	0.0316949
262144	7	0.0410887
262144	7	0.0352774
262144	7	0.0325304
262144	7	0.03322
262144	7	0.0324448
262144	7	0.0319258
262144	7	0.0332471
262144	7	0.0339368
262144	7	0.030786
262144	7	0.039831
262144	7	0.0315987
262144	7	0.0312058
262144	7	0.0327427
262144	7	0.0320364
524288	7	0.0693747
524288	7	0.0681002
524288	7	0.0664873
524288	7	0.068866
524288	7	0.0636424
524288	7	0.0644045
524288	7	0.0664149
524288	7	0.0970576
524288	7	0.0905024
524288	7	0.0661061
524288	7	0.0647412
524288	7	0.0657084
524288	7	0.0642963
524288	7	0.0681929
524288	7	0.0682336
524288	7	0.0647631
524288	7	0.0687523
524288	7	0.0667287
524288	7	0.0653367
524288	7	0.0660827
524288	7	0.0659215
524288	7	0.0662234
524288	7	0.0672515
524288	7	0.0645221
524288	7	0.0654751
524288	7	0.0680761
524288	7	0.070124
524288	7	0.0659776
524288	7	0.0657322
524288	7	0.0672031
524288	7	0.066076
524288	7	0.0661805
524288	7	0.0667936
524288	7	0.0667669
524288	7	0.0651874
524288	7	0.0663113
524288	7	0.0644546
524288	7	0.0653334
524288	7	0.0748356
524288	7	0.0631276
524288	7	0.0654953
524288	7	0.0687912
524288	7	0.0671566
524288	7	0.0640273
524288	7	0.0657449
524288	7	0.0680366
524288	7	0.0681076
524288	7	0.0681409
524288	7	0.064731
524288	7	0.0656765
524288	7	0.064996
524288	7	0.0653898
524288	7	0.0671288
524288	7	0.0767633
524288	7	0.0656252
524288	7	0.0669026
524288	7	0.0688127
524288	7	0.0651655
524288	7	0.0656461
524288	7	0.06608
524288	7	0.0664418
524288	7	0.0644932
524288	7	0.0670089
524288	7	0.0674242
524288	7	0.0651616
524288	7	0.0672907
524288	7	0.0725977
524288	7	0.0671084
524288	7	0.0659156
524288	7	0.0669032
524288	7	0.0689808
524288	7	0.0680621
524288	7	0.066578
524288	7	0.0684391
524288	7	0.0647187
524288	7	0.0661337
524288	7	0.0697367
524288	7	0.0643848
524288	7	0.068572
524288	7	0.0672027
524288	7	0.0637139
524288	7	0.0642287
524288	7	0.0666401
524288	7	0.0777317
524288	7	0.0649774
524288	7	0.0688207
524288	7	0.0648151
524288	7	0.0658516
524288	7	0.0708273
524288	7	0.0676117
524288	7	0.0780243
524288	7	0.0695681
524288	7	0.0756222
524288	7	0.0760513
524288	7	0.0652962
524288	7	0.066556
524288	7	0.0673348
524288	7	0.0672178
524288	7	0.0656306
524288	7	0.0662109
262144	8	0.0299287
262144	8	0.0329415
262144	8	0.0299368
262144	8	0.0309622
262144	8	0.0299532
262144	8	0.0337311
262144	8	0.0340391
262144	8	0.0318655
262144	8	0.0295255
262144	8	0.0311905
262144	8	0.0422901
262144	8	0.0316101
262144	8	0.0310107
262144	8	0.0324523
262144	8	0.029742
262144	8	0.031745
262144	8	0.0350072
262144	8	0.0350488
262144	8	0.0450576
262144	8	0.034484
262144	8	0.036048
262144	8	0.0351206
262144	8	0.033906
262144	8	0.0347184
262144	8	0.0346656
262144	8	0.0355577
262144	8	0.042751
262144	8	0.0317502
262144	8	0.0302219
262144	8	0.0392592
262144	8	0.0318976
262144	8	0.0326565
262144	8	0.0298884
262144	8	0.0316514
262144	8	0.0330579
262144	8	0.0337008
262144	8	0.0326268
262144	8	0.0426698
262144	8	0.0331224
262144	8	0.0326006
262144	8	0.0446653
262144	8	0.041178
262144	8	0.0340128
262144	8	0.0307789
262144	8	0.0383672
262144	8	0.0436461
262144	8	0.0307308
262144	8	0.0320479
262144	8	0.0331304
262144	8	0.0386723
262144	8	0.0315165
262144	8	0.0391479
262144	8	0.0363606
262144	8	0.0315878
262144	8	0.0321553
262144	8	0.0319062
262144	8	0.0360937
262144	8	0.0416783
262144	8	0.0312756
262144	8	0.0302215
262144	8	0.0319037
262144	8	0.0321781
262144	8	0.0341043
262144	8	0.0296319
262144	8	0.0309176
262144	8	0.0314121
262144	8	0.0306686
262144	8	0.0371929
262144	8	0.0290857
262144	8	0.0308983
262144	8	0.0303887
262144	8	0.0321179
262144	8	0.0436568
262144	8	0.0343903
262144	8	0.0352316
262144	8	0.0352528
262144	8	0.045003
262144	8	0.0331206
262144	8	0.0333943
262144	8	0.0400169
262144	8	0.0303204
262144	8	0.0314007
262144	8	0.0451199
262144	8	0.0312905
262144	8	0.0323812
262144	8	0.0325253
262144	8	0.0314141
262144	8	0.0311847
262144	8	0.0287447
262144	8	0.0318142
262144	8	0.0316802
262144	8	0.0330804
262144	8	0.0319142
262144	8	0.0332838
262144	8	0.0314334
262144	8	0.0309148
262144	8	0.0303179
262144	8	0.0311343
262144	8	0.0335144
262144	8	0.0323932
524288	8	0.0697877
524288	8	0.0682189
524288	8	0.0665286
524288	8	0.0704162
524288	8	0.0683015
524288	8	0.0679569
524288	8	0.0687635
524288	8	0.0753275
524288	8	0.0662563
524288	8	0.065187
524288	8	0.0667533
524288	8	0.0647444
524288	8	0.0717643
524288	8	0.0707883
524288	8	0.066159
524288	8	0.0655379
524288	8	0.0669707
524288	8	0.0679398
524288	8	0.0669715
524288	8	0.0635094
524288	8	0.0691894
524288	8	0.0668536
524288	8	0.0676244
524288	8	0.0655415
524288	8	0.0823403
524288	8	0.0690086
524288	8	0.0677646
524288	8	0.0677613
524288	8	0.0651786
524288	8	0.0681335
524288	8	0.0784468
524288	8	0.0667183
524288	8	0.0656512
524288	8	0.0662233
524288	8	0.0660277
524288	8	0.0660965
524288	8	0.0697866
524288	8	0.0765129
524288	8	0.0671993
524288	8	0.0639175
524288	8	0.0770029
524288	8	0.0648992
524288	8	0.0654487
524288	8	0.0651695
524288	8	0.0658078
524288	8	0.0673574
524288	8	0.065289
524288	8	0.0661276
524288	8	0.0659803
524288	8	0.0665649
524288	8	0.0697649
524288	8	0.0639326
524288	8	0.0654397
524288	8	0.0674738
524288	8	0.0665866
524288	8	0.0645395
524288	8	0.0672976
524288	8	0.0671159
524288	8	0.0664434
524288	8	0.0673275
524288	8	0.0726896
524288	8	0.0676007
524288	8	0.0663762
524288	8	0.0686093
524288	8	0.0674097
524288	8	0.0658243
524288	8	0.0695801
524288	8	0.0657257
524288	8	0.0678096
524288	8	0.0657311
524288	8	0.0665619
524288	8	0.0680958
524288	8	0.0676217
524288	8	0.066553
524288	8	0.0654344
524288	8	0.0772691
524288	8	0.0654166
524288	8	0.0648112
524288	8	0.0676772
524288	8	0.0690992
524288	8	0.0778951
524288	8	0.0665437
524288	8	0.0688028
524288	8	0.0656083
524288	8	0.0701445
524288	8	0.0654042
524288	8	0.0660277
524288	8	0.0682671
524288	8	0.067018
524288	8	0.0665356
524288	8	0.0764999
524288	8	0.0651253
524288	8	0.0657327
524288	8	0.06529
524288	8	0.0694269
524288	8	0.0691851
524288	8	0.0657533
524288	8	0.0652762
524288	8	0.0670679
524288	8	0.0644237
67108864	1	49.2534
67108864	1	50.2892
67108864	1	51.2266
67108864	1	49.7186
67108864	1	49.3175
67108864	1	48.9265
67108864	1	49.504
67108864	1	49.9526
67108864	1	49.7337
67108864	1	49.2819
67108864	2	19.9021
67108864	3	19.5175
67108864	4	19.6399
67108864	5	20.5265
67108864	6	19.8392
67108864	7	19.4503
67108864	8	20.0286
8388608	1	4.90725
8388608	1	4.9132
8388608	1	4.93389
8388608	1	4.93777
8388608	1	4.90845
16777216	1	10.5792
16777216	1	10.4936
16777216	1	10.6234
16777216	1	10.5825
16777216	1	10.538
33554432	1	22.4268
33554432	1	22.0787
33554432	1	22.1707
33554432	1	22.4479
33554432	1	22.8186
67108864	1	49.1207
67108864	1	48.9136
67108864	1	48.958
67108864	1	49.5976
67108864	1	48.7648
134217728	1	117.373
134217728	1	116.356
134217728	1	111.868
134217728	1	111.075
134217728	1	112.495
268435456	1	220.528
268435456	1	239.653
268435456	1	246.864
268435456	1	239.596
268435456	1	248.61
8388608	2	1.78784
8388608	2	1.75999
8388608	2	1.73858
8388608	2	2.39343
8388608	2	1.77439
16777216	2	5.43399
16777216	2	4.0871
16777216	2	4.13049
16777216	2	4.59596
16777216	2	4.22653
33554432	2	10.27
33554432	2	8.56009
33554432	2	11.8654
33554432	2	9.22675
33554432	2	8.63927
67108864	2	25.5905
67108864	2	22.0509
67108864	2	25.7711
67108864	2	19.0369
67108864	2	24.3467
134217728	2	58.5322
134217728	2	53.1469
134217728	2	45.9479
134217728	2	44.1648
134217728	2	44.6378
268435456	2	93.4557
268435456	2	105.68
268435456	2	111.711
268435456	2	118.781
268435456	2	110.423
8388608	3	1.78038
8388608	3	2.1814
8388608	3	1.77588
8388608	3	1.82704
8388608	3	1.78324
16777216	3	5.14818
16777216	3	3.96891
16777216	3	5.01372
16777216	3	4.71095
16777216	3	3.99461
33554432	3	11.2598
33554432	3	9.09254
33554432	3	9.3173
33554432	3	9.54873
33554432	3	8.60997
67108864	3	19.1445
67108864	3	23.8854
67108864	3	26.5739
67108864	3	19.1103
67108864	3	25.3616
134217728	3	45.729
134217728	3	58.4801
134217728	3	57.6864
134217728	3	58.467
134217728	3	53.3104
268435456	3	113.603
268435456	3	118.85
268435456	3	108.915
268435456	3	126.293
268435456	3	123.189
8388608	4	1.73667
8388608	4	1.82741
8388608	4	1.69851
8388608	4	3.17264
8388608	4	1.71482
16777216	4	4.3996
16777216	4	4.78592
16777216	4	5.05743
16777216	4	4.73185
16777216	4	5.18492
33554432	4	11.6046
33554432	4	8.63363
33554432	4	10.0338
33554432	4	11.3609
33554432	4	11.8749
67108864	4	20.5621
67108864	4	22.0984
67108864	4	23.9377
67108864	4	22.4389
67108864	4	22.735
134217728	4	59.2956
134217728	4	44.0953
134217728	4	60.9829
134217728	4	58.2793
134217728	4	54.8145
268435456	4	121.954
268435456	4	121.147
268435456	4	97.0803
268435456	4	118.519
268435456	4	116.086
8388608	5	2.33997
8388608	5	2.06015
8388608	5	1.7096
8388608	5	1.72067
8388608	5	1.7091
16777216	5	4.33079
16777216	5	4.03958
16777216	5	3.96751
16777216	5	4.1
16777216	5	3.80665
33554432	5	11.7773
33554432	5	11.6251
33554432	5	11.2375
33554432	5	11.5385
33554432	5	11.5027
67108864	5	25.798
67108864	5	25.6181
67108864	5	20.3008
67108864	5	19.1514
67108864	5	19.271
134217728	5	52.0136
134217728	5	45.2942
134217728	5	51.088
134217728	5	45.5567
134217728	5	45.8043
268435456	5	95.3286
268435456	5	130.178
268435456	5	130.789
