0 0 0.0000000
0 1 0.1564345
0 2 0.3090170
0 3 0.4539905
0 4 0.5877853
0 5 0.7071068
0 6 0.8090170
0 7 0.8910065
0 8 0.9510565
0 9 0.9876883
0 10 1.0000000
0 11 0.9876883
0 12 0.9510565
0 13 0.8910065
0 14 0.8090170
0 15 0.7071068
0 16 0.5877853
0 17 0.4539905
0 18 0.3090170
0 19 0.1564345
0 20 0.0000000
1 0 0.0000000
1 1 0.1559522
1 2 0.3080644
1 3 0.4525910
1 4 0.5859733
1 5 0.7049270
1 6 0.8065231
1 7 0.8882598
1 8 0.9481247
1 9 0.9846436
1 10 0.9969173
1 11 0.9846436
1 12 0.9481247
1 13 0.8882598
1 14 0.8065231
1 15 0.7049270
1 16 0.5859733
1 17 0.4525910
1 18 0.3080644
1 19 0.1559522
1 20 0.0000000
2 0 0.0000000
2 1 0.1545085
2 2 0.3052125
2 3 0.4484011
2 4 0.5805486
2 5 0.6984011
2 6 0.7990567
2 7 0.8800368
2 8 0.9393474
2 9 0.9755283
2 10 0.9876883
2 11 0.9755283
2 12 0.9393474
2 13 0.8800368
2 14 0.7990567
2 15 0.6984011
2 16 0.5805486
2 17 0.4484011
2 18 0.3052125
2 19 0.1545085
2 20 0.0000000
3 0 0.0000000
3 1 0.1521122
3 2 0.3004788
3 3 0.4414467
3 4 0.5715447
3 5 0.6875694
3 6 0.7866638
3 7 0.8663879
3 8 0.9247787
3 9 0.9603984
3 10 0.9723699
3 11 0.9603984
3 12 0.9247787
3 13 0.8663879
3 14 0.7866638
3 15 0.6875694
3 16 0.5715447
3 17 0.4414467
3 18 0.3004788
3 19 0.1521122
3 20 0.0000000
4 0 0.0000000
4 1 0.1487780
4 2 0.2938926
4 3 0.4317706
4 4 0.5590170
4 5 0.6724985
4 6 0.7694209
4 7 0.8473976
4 8 0.9045085
4 9 0.9393474
4 10 0.9510565
4 11 0.9393474
4 12 0.9045085
4 13 0.8473976
4 14 0.7694209
4 15 0.6724985
4 16 0.5590170
4 17 0.4317706
4 18 0.2938926
4 19 0.1487780
4 20 0.0000000
5 0 0.0000000
5 1 0.1445266
5 2 0.2854945
5 3 0.4194325
5 4 0.5430428
5 5 0.6532815
5 6 0.7474342
5 7 0.8231827
5 8 0.8786616
5 9 0.9125050
5 10 0.9238795
5 11 0.9125050
5 12 0.8786616
5 13 0.8231827
5 14 0.7474342
5 15 0.6532815
5 16 0.5430428
5 17 0.4194325
5 18 0.2854945
5 19 0.1445266
5 20 0.0000000
6 0 0.0000000
6 1 0.1393841
6 2 0.2753362
6 3 0.4045085
6 4 0.5237205
6 5 0.6300368
6 6 0.7208394
6 7 0.7938926
6 8 0.8473976
6 9 0.8800368
6 10 0.8910065
6 11 0.8800368
6 12 0.8473976
6 13 0.7938926
6 14 0.7208394
6 15 0.6300368
6 16 0.5237205
6 17 0.4045085
6 18 0.2753362
6 19 0.1393841
6 20 0.0000000
7 0 0.0000000
7 1 0.1333823
7 2 0.2634803
7 3 0.3870905
7 4 0.5011693
7 5 0.6029076
7 6 0.6898004
7 7 0.7597079
7 8 0.8109090
7 9 0.8421427
7 10 0.8526402
7 11 0.8421427
7 12 0.8109090
7 13 0.7597079
7 14 0.6898004
7 15 0.6029076
7 16 0.5011693
7 17 0.3870905
7 18 0.2634803
7 19 0.1333823
7 20 0.0000000
8 0 0.0000000
8 1 0.1265581
8 2 0.2500000
8 3 0.3672860
8 4 0.4755283
8 5 0.5720614
8 6 0.6545085
8 7 0.7208394
8 8 0.7694209
8 9 0.7990567
8 10 0.8090170
8 11 0.7990567
8 12 0.7694209
8 13 0.7208394
8 14 0.6545085
8 15 0.5720614
8 16 0.4755283
8 17 0.3672860
8 18 0.2500000
8 19 0.1265581
8 20 0.0000000
9 0 0.0000000
9 1 0.1189537
9 2 0.2349784
9 3 0.3452171
9 4 0.4469554
9 5 0.5376882
9 6 0.6151813
9 7 0.6775267
9 8 0.7231890
9 9 0.7510441
9 10 0.7604060
9 11 0.7510441
9 12 0.7231890
9 13 0.6775267
9 14 0.6151813
9 15 0.5376882
9 16 0.4469554
9 17 0.3452171
9 18 0.2349784
9 19 0.1189537
9 20 0.0000000
10 0 0.0000000
10 1 0.1106159
10 2 0.2185080
10 3 0.3210198
10 4 0.4156269
10 5 0.5000000
10 6 0.5720614
10 7 0.6300368
10 8 0.6724985
10 9 0.6984011
10 10 0.7071068
10 11 0.6984011
10 12 0.6724985
10 13 0.6300368
10 14 0.5720614
10 15 0.5000000
10 16 0.4156269
10 17 0.3210198
10 18 0.2185080
10 19 0.1106159
10 20 0.0000000
11 0 0.0000000
11 1 0.1015961
11 2 0.2006905
11 3 0.2948432
11 4 0.3817360
11 5 0.4592291
11 6 0.5254145
11 7 0.5786624
11 8 0.6176618
11 9 0.6414523
11 10 0.6494480
11 11 0.6414523
11 12 0.6176618
11 13 0.5786624
11 14 0.5254145
11 15 0.4592291
11 16 0.3817360
11 17 0.2948432
11 18 0.2006905
11 19 0.1015961
11 20 0.0000000
12 0 0.0000000
12 1 0.0919499
12 2 0.1816356
12 3 0.2668489
12 4 0.3454915
12 5 0.4156269
12 6 0.4755283
12 7 0.5237205
12 8 0.5590170
12 9 0.5805486
12 10 0.5877853
12 11 0.5805486
12 12 0.5590170
12 13 0.5237205
12 14 0.4755283
12 15 0.4156269
12 16 0.3454915
12 17 0.2668489
12 18 0.1816356
12 19 0.0919499
12 20 0.0000000
13 0 0.0000000
13 1 0.0817368
13 2 0.1614609
13 3 0.2372094
13 4 0.3071170
13 5 0.3694623
13 6 0.4227102
13 7 0.4655496
13 8 0.4969257
13 9 0.5160657
13 10 0.5224986
13 11 0.5160657
13 12 0.4969257
13 13 0.4655496
13 14 0.4227102
13 15 0.3694623
13 16 0.3071170
13 17 0.2372094
13 18 0.1614609
13 19 0.0817368
13 20 0.0000000
14 0 0.0000000
14 1 0.0710198
14 2 0.1402908
14 3 0.2061074
14 4 0.2668489
14 5 0.3210198
14 6 0.3672860
14 7 0.4045085
14 8 0.4317706
14 9 0.4484011
14 10 0.4539905
14 11 0.4484011
14 12 0.4317706
14 13 0.4045085
14 14 0.3672860
14 15 0.3210198
14 16 0.2668489
14 17 0.2061074
14 18 0.1402908
14 19 0.0710198
14 20 0.0000000
15 0 0.0000000
15 1 0.0598649
15 2 0.1182557
15 3 0.1737346
15 4 0.2249357
15 5 0.2705981
15 6 0.3095974
15 7 0.3409734
15 8 0.3639536
15 9 0.3779720
15 10 0.3826834
15 11 0.3779720
15 12 0.3639536
15 13 0.3409734
15 14 0.3095974
15 15 0.2705981
15 16 0.2249357
15 17 0.1737346
15 18 0.1182557
15 19 0.0598649
15 20 0.0000000
16 0 0.0000000
16 1 0.0483409
16 2 0.0954915
16 3 0.1402908
16 4 0.1816356
16 5 0.2185080
16 6 0.2500000
16 7 0.2753362
16 8 0.2938926
16 9 0.3052125
16 10 0.3090170
16 11 0.3052125
16 12 0.2938926
16 13 0.2753362
16 14 0.2500000
16 15 0.2185080
16 16 0.1816356
16 17 0.1402908
16 18 0.0954915
16 19 0.0483409
16 20 0.0000000
17 0 0.0000000
17 1 0.0365189
17 2 0.0721386
17 3 0.1059820
17 4 0.1372157
17 5 0.1650708
17 6 0.1888613
17 7 0.2080013
17 8 0.2220197
17 9 0.2305713
17 10 0.2334454
17 11 0.2305713
17 12 0.2220197
17 13 0.2080013
17 14 0.1888613
17 15 0.1650708
17 16 0.1372157
17 17 0.1059820
17 18 0.0721386
17 19 0.0365189
17 20 0.0000000
18 0 0.0000000
18 1 0.0244717
18 2 0.0483409
18 3 0.0710198
18 4 0.0919499
18 5 0.1106159
18 6 0.1265581
18 7 0.1393841
18 8 0.1487780
18 9 0.1545085
18 10 0.1564345
18 11 0.1545085
18 12 0.1487780
18 13 0.1393841
18 14 0.1265581
18 15 0.1106159
18 16 0.0919499
18 17 0.0710198
18 18 0.0483409
18 19 0.0244717
18 20 0.0000000

19 0 0.0000000
19 1 0.0122737
19 2 0.0242452
19 3 0.0356197
19 4 0.0461171
19 5 0.0554790
19 6 0.0634747
19 7 0.0699076
19 8 0.0746190
19 9 0.0774931
19 10 0.0784591
19 11 0.0774931
19 12 0.0746190
19 13 0.0699076
19 14 0.0634747
19 15 0.0554790
19 16 0.0461171
19 17 0.0356197
19 18 0.0242452
19 19 0.0122737
19 20 0.0000000

20 0 0.0000000
20 1 0.0000000
20 2 0.0000000
20 3 0.0000000
20 4 0.0000000
20 5 0.0000000
20 6 0.0000000
20 7 0.0000000
20 8 0.0000000
20 9 0.0000000
20 10 0.0000000
20 11 0.0000000
20 12 0.0000000
20 13 0.0000000
20 14 0.0000000
20 15 0.0000000
20 16 0.0000000
20 17 0.0000000
20 18 0.0000000
20 19 0.0000000
20 20 0.0000000

21 0 -0.0000000
21 1 -0.0122737
21 2 -0.0242452
21 3 -0.0356197
21 4 -0.0461171
21 5 -0.0554790
21 6 -0.0634747
21 7 -0.0699076
21 8 -0.0746190
21 9 -0.0774931
21 10 -0.0784591
21 11 -0.0774931
21 12 -0.0746190
21 13 -0.0699076
21 14 -0.0634747
21 15 -0.0554790
21 16 -0.0461171
21 17 -0.0356197
21 18 -0.0242452
21 19 -0.0122737
21 20 -0.0000000

22 0 -0.0000000
22 1 -0.0244717
22 2 -0.0483409
22 3 -0.0710198
22 4 -0.0919499
22 5 -0.1106159
22 6 -0.1265581
22 7 -0.1393841
22 8 -0.1487780
22 9 -0.1545085
22 10 -0.1564345
22 11 -0.1545085
22 12 -0.1487780
22 13 -0.1393841
22 14 -0.1265581
22 15 -0.1106159
22 16 -0.0919499
22 17 -0.0710198
22 18 -0.0483409
22 19 -0.0244717
22 20 -0.0000000

23 0 -0.0000000
23 1 -0.0365189
23 2 -0.0721386
23 3 -0.1059820
23 4 -0.1372157
23 5 -0.1650708
23 6 -0.1888613
23 7 -0.2080013
23 8 -0.2220197
23 9 -0.2305713
23 10 -0.2334454
23 11 -0.2305713
23 12 -0.2220197
23 13 -0.2080013
23 14 -0.1888613
23 15 -0.1650708
23 16 -0.1372157
23 17 -0.1059820
23 18 -0.0721386
23 19 -0.0365189
23 20 -0.0000000

24 0 -0.0000000
24 1 -0.0483409
24 2 -0.0954915
24 3 -0.1402908
24 4 -0.1816356
24 5 -0.2185080
24 6 -0.2500000
24 7 -0.2753362
24 8 -0.2938926
24 9 -0.3052125
24 10 -0.3090170
24 11 -0.3052125
24 12 -0.2938926
24 13 -0.2753362
24 14 -0.2500000
24 15 -0.2185080
24 16 -0.1816356
24 17 -0.1402908
24 18 -0.0954915
24 19 -0.0483409
24 20 -0.0000000

25 0 -0.0000000
25 1 -0.0598649
25 2 -0.1182557
25 3 -0.1737346
25 4 -0.2249357
25 5 -0.2705981
25 6 -0.3095974
25 7 -0.3409734
25 8 -0.3639536
25 9 -0.3779720
25 10 -0.3826834
25 11 -0.3779720
25 12 -0.3639536
25 13 -0.3409734
25 14 -0.3095974
25 15 -0.2705981
25 16 -0.2249357
25 17 -0.1737346
25 18 -0.1182557
25 19 -0.0598649
25 20 -0.0000000

26 0 -0.0000000
26 1 -0.0710198
26 2 -0.1402908
26 3 -0.2061074
26 4 -0.2668489
26 5 -0.3210198
26 6 -0.3672860
26 7 -0.4045085
26 8 -0.4317706
26 9 -0.4484011
26 10 -0.4539905
26 11 -0.4484011
26 12 -0.4317706
26 13 -0.4045085
26 14 -0.3672860
26 15 -0.3210198
26 16 -0.2668489
26 17 -0.2061074
26 18 -0.1402908
26 19 -0.0710198
26 20 -0.0000000

27 0 -0.0000000
27 1 -0.0817368
27 2 -0.1614609
27 3 -0.2372094
27 4 -0.3071170
27 5 -0.3694623
27 6 -0.4227102
27 7 -0.4655496
27 8 -0.4969257
27 9 -0.5160657
27 10 -0.5224986
27 11 -0.5160657
27 12 -0.4969257
27 13 -0.4655496
27 14 -0.4227102
27 15 -0.3694623
27 16 -0.3071170
27 17 -0.2372094
27 18 -0.1614609
27 19 -0.0817368
27 20 -0.0000000

28 0 -0.0000000
28 1 -0.0919499
28 2 -0.1816356
28 3 -0.2668489
28 4 -0.3454915
28 5 -0.4156269
28 6 -0.4755283
28 7 -0.5237205
28 8 -0.5590170
28 9 -0.5805486
28 10 -0.5877853
28 11 -0.5805486
28 12 -0.5590170
28 13 -0.5237205
28 14 -0.4755283
28 15 -0.4156269
28 16 -0.3454915
28 17 -0.2668489
28 18 -0.1816356
28 19 -0.0919499
28 20 -0.0000000

29 0 -0.0000000
29 1 -0.1015961
29 2 -0.2006905
29 3 -0.2948432
29 4 -0.3817360
29 5 -0.4592291
29 6 -0.5254145
29 7 -0.5786624
29 8 -0.6176618
29 9 -0.6414523
29 10 -0.6494480
29 11 -0.6414523
29 12 -0.6176618
29 13 -0.5786624
29 14 -0.5254145
29 15 -0.4592291
29 16 -0.3817360
29 17 -0.2948432
29 18 -0.2006905
29 19 -0.1015961
29 20 -0.0000000

30 0 -0.0000000
30 1 -0.1106159
30 2 -0.2185080
30 3 -0.3210198
30 4 -0.4156269
30 5 -0.5000000
30 6 -0.5720614
30 7 -0.6300368
30 8 -0.6724985
30 9 -0.6984011
30 10 -0.7071068
30 11 -0.6984011
30 12 -0.6724985
30 13 -0.6300368
30 14 -0.5720614
30 15 -0.5000000
30 16 -0.4156269
30 17 -0.3210198
30 18 -0.2185080
30 19 -0.1106159
30 20 -0.0000000

31 0 -0.0000000
31 1 -0.1189537
31 2 -0.2349784
31 3 -0.3452171
31 4 -0.4469554
31 5 -0.5376882
31 6 -0.6151813
31 7 -0.6775267
31 8 -0.7231890
31 9 -0.7510441
31 10 -0.7604060
31 11 -0.7510441
31 12 -0.7231890
31 13 -0.6775267
31 14 -0.6151813
31 15 -0.5376882
31 16 -0.4469554
31 17 -0.3452171
31 18 -0.2349784
31 19 -0.1189537
31 20 -0.0000000

32 0 -0.0000000
32 1 -0.1265581
32 2 -0.2500000
32 3 -0.3672860
32 4 -0.4755283
32 5 -0.5720614
32 6 -0.6545085
32 7 -0.7208394
32 8 -0.7694209
32 9 -0.7990567
32 10 -0.8090170
32 11 -0.7990567
32 12 -0.7694209
32 13 -0.7208394
32 14 -0.6545085
32 15 -0.5720614
32 16 -0.4755283
32 17 -0.3672860
32 18 -0.2500000
32 19 -0.1265581
32 20 -0.0000000

33 0 -0.0000000
33 1 -0.1333823
33 2 -0.2634803
33 3 -0.3870905
33 4 -0.5011693
33 5 -0.6029076
33 6 -0.6898004
33 7 -0.7597079
33 8 -0.8109090
33 9 -0.8421427
33 10 -0.8526402
33 11 -0.8421427
33 12 -0.8109090
33 13 -0.7597079
33 14 -0.6898004
33 15 -0.6029076
33 16 -0.5011693
33 17 -0.3870905
33 18 -0.2634803
33 19 -0.1333823
33 20 -0.0000000

34 0 -0.0000000
34 1 -0.1393841
34 2 -0.2753362
34 3 -0.4045085
34 4 -0.5237205
34 5 -0.6300368
34 6 -0.7208394
34 7 -0.7938926
34 8 -0.8473976
34 9 -0.8800368
34 10 -0.8910065
34 11 -0.8800368
34 12 -0.8473976
34 13 -0.7938926
34 14 -0.7208394
34 15 -0.6300368
34 16 -0.5237205
34 17 -0.4045085
34 18 -0.2753362
34 19 -0.1393841
34 20 -0.0000000

35 0 -0.0000000
35 1 -0.1445266
35 2 -0.2854945
35 3 -0.4194325
35 4 -0.5430428
35 5 -0.6532815
35 6 -0.7474342
35 7 -0.8231827
35 8 -0.8786616
35 9 -0.9125050
35 10 -0.9238795
35 11 -0.9125050
35 12 -0.8786616
35 13 -0.8231827
35 14 -0.7474342
35 15 -0.6532815
35 16 -0.5430428
35 17 -0.4194325
35 18 -0.2854945
35 19 -0.1445266
35 20 -0.0000000

36 0 -0.0000000
36 1 -0.1487780
36 2 -0.2938926
36 3 -0.4317706
36 4 -0.5590170
36 5 -0.6724985
36 6 -0.7694209
36 7 -0.8473976
36 8 -0.9045085
36 9 -0.9393474
36 10 -0.9510565
36 11 -0.9393474
36 12 -0.9045085
36 13 -0.8473976
36 14 -0.7694209
36 15 -0.6724985
36 16 -0.5590170
36 17 -0.4317706
36 18 -0.2938926
36 19 -0.1487780
36 20 -0.0000000

37 0 -0.0000000
37 1 -0.1521122
37 2 -0.3004788
37 3 -0.4414467
37 4 -0.5715447
37 5 -0.6875694
37 6 -0.7866638
37 7 -0.8663879
37 8 -0.9247787
37 9 -0.9603984
37 10 -0.9723699
37 11 -0.9603984
37 12 -0.9247787
37 13 -0.8663879
37 14 -0.7866638
37 15 -0.6875694
37 16 -0.5715447
37 17 -0.4414467
37 18 -0.3004788
37 19 -0.1521122
37 20 -0.0000000

38 0 -0.0000000
38 1 -0.1545085
38 2 -0.3052125
38 3 -0.4484011
38 4 -0.5805486
38 5 -0.6984011
38 6 -0.7990567
38 7 -0.8800368
38 8 -0.9393474
38 9 -0.9755283
38 10 -0.9876883
38 11 -0.9755283
38 12 -0.9393474
38 13 -0.8800368
38 14 -0.7990567
38 15 -0.6984011
38 16 -0.5805486
38 17 -0.4484011
38 18 -0.3052125
38 19 -0.1545085
38 20 -0.0000000

39 0 -0.0000000
39 1 -0.1559522
39 2 -0.3080644
39 3 -0.4525910
39 4 -0.5859733
39 5 -0.7049270
39 6 -0.8065231
39 7 -0.8882598
39 8 -0.9481247
39 9 -0.9846436
39 10 -0.9969173
39 11 -0.9846436
39 12 -0.9481247
39 13 -0.8882598
39 14 -0.8065231
39 15 -0.7049270
39 16 -0.5859733
39 17 -0.4525910
39 18 -0.3080644
39 19 -0.1559522
39 20 -0.0000000

40 0 -0.0000000
40 1 -0.1564345
40 2 -0.3090170
40 3 -0.4539905
40 4 -0.5877853
40 5 -0.7071068
40 6 -0.8090170
40 7 -0.8910065
40 8 -0.9510565
40 9 -0.9876883
40 10 -1.0000000
40 11 -0.9876883
40 12 -0.9510565
40 13 -0.8910065
40 14 -0.8090170
40 15 -0.7071068
40 16 -0.5877853
40 17 -0.4539905
40 18 -0.3090170
40 19 -0.1564345
40 20 -0.0000000
